#polozenie [mm] 0mm -1.5mm -2.5mm   +1mm    +2.5mm 
360  -0.37   -0.38   -0.37   -0.38   -0.35
362  -0.30   -0.31   -0.30   -0.31   -0.29
364  -0.24   -0.25   -0.24   -0.24   -0.23
366  -0.19   -0.19   -0.19   -0.19   -0.18
368  -0.13   -0.14   -0.14   -0.14   -0.14
370  -0.09   -0.09   -0.09   -0.10   -0.10
372  -0.06  -0.06   -0.05   -0.06   -0.06 
374 -0.03   -0.03   -0.03   -0.04   -0.03   
376 0.01    0.00    0.01   0.01     0.00   
378 0.04    0.03    0.04    0.04    0.04
380 0.05    0.05    0.04    0.05    0.05
