dist	field
0	-321.29965
1E-4	-321.15589
2E-4	-321.01211
3E-4	-320.86832
4E-4	-320.72451
5E-4	-320.58068
6E-4	-320.43684
7E-4	-320.29298
8E-4	-320.14911
9E-4	-320.00522
1E-3	-319.86132
0.0011	-319.7174
0.0012	-319.57346
0.0013	-319.42951
0.0014	-319.28554
0.0015	-319.14155
0.0016	-318.99755
0.0017	-318.85354
0.0018	-318.7095
0.0019	-318.56545
0.002	-318.42139
0.0021	-318.27731
0.0022	-318.13321
0.0023	-317.9891
0.0024	-317.84497
0.0025	-317.70082
0.0026	-317.55666
0.0027	-317.41248
0.0028	-317.26829
0.0029	-317.12408
0.003	-316.97985
0.0031	-316.83561
0.0032	-316.69135
0.0033	-316.54707
0.0034	-316.40278
0.0035	-316.25848
0.0036	-316.11415
0.0037	-315.96981
0.0038	-315.82546
0.0039	-315.68109
0.004	-315.5367
0.0041	-315.39229
0.0042	-315.24787
0.0043	-315.10344
0.0044	-314.95899
0.0045	-314.81452
0.0046	-314.67003
0.0047	-314.52553
0.0048	-314.38101
0.0049	-314.23648
0.005	-314.09193
0.0051	-313.94736
0.0052	-313.80278
0.0053	-313.65818
0.0054	-313.51357
0.0055	-313.36894
0.0056	-313.22429
0.0057	-313.07962
0.0058	-312.93494
0.0059	-312.79025
0.006	-312.64554
0.0061	-312.50081
0.0062	-312.35606
0.0063	-312.2113
0.0064	-312.06652
0.0065	-311.92173
0.0066	-311.77692
0.0067	-311.63209
0.0068	-311.48725
0.0069	-311.34239
0.007	-311.19751
0.0071	-311.05262
0.0072	-310.90771
0.0073	-310.76279
0.0074	-310.61785
0.0075	-310.47289
0.0076	-310.32792
0.0077	-310.18293
0.0078	-310.03792
0.0079	-309.8929
0.008	-309.74786
0.0081	-309.6028
0.0082	-309.45773
0.0083	-309.31264
0.0084	-309.16754
0.0085	-309.02241
0.0086	-308.87728
0.0087	-308.73212
0.0088	-308.58695
0.0089	-308.44176
0.009	-308.29656
0.0091	-308.15134
0.0092	-308.0061
0.0093	-307.86085
0.0094	-307.71558
0.0095	-307.5703
0.0096	-307.42499
0.0097	-307.27967
0.0098	-307.13434
0.0099	-306.98899
0.01	-306.84362
0.0101	-306.69823
0.0102	-306.55283
0.0103	-306.40741
0.0104	-306.26198
0.0105	-306.11653
0.0106	-305.97106
0.0107	-305.82558
0.0108	-305.68008
0.0109	-305.53456
0.011	-305.38903
0.0111	-305.24348
0.0112	-305.09791
0.0113	-304.95232
0.0114	-304.80672
0.0115	-304.66111
0.0116	-304.51547
0.0117	-304.36982
0.0118	-304.22416
0.0119	-304.07848
0.012	-303.93278
0.0121	-303.78706
0.0122	-303.64133
0.0123	-303.49558
0.0124	-303.34981
0.0125	-303.20403
0.0126	-303.05823
0.0127	-302.91241
0.0128	-302.76658
0.0129	-302.62073
0.013	-302.47486
0.0131	-302.32898
0.0132	-302.18308
0.0133	-302.03716
0.0134	-301.89123
0.0135	-301.74528
0.0136	-301.59932
0.0137	-301.45333
0.0138	-301.30733
0.0139	-301.16132
0.014	-301.01528
0.0141	-300.86923
0.0142	-300.72317
0.0143	-300.57708
0.0144	-300.43098
0.0145	-300.28487
0.0146	-300.13873
0.0147	-299.99258
0.0148	-299.84641
0.0149	-299.70023
0.015	-299.55403
0.0151	-299.40781
0.0152	-299.26158
0.0153	-299.11532
0.0154	-298.96906
0.0155	-298.82277
0.0156	-298.67647
0.0157	-298.53015
0.0158	-298.38382
0.0159	-298.23746
0.016	-298.09109
0.0161	-297.94471
0.0162	-297.79831
0.0163	-297.65189
0.0164	-297.50545
0.0165	-297.359
0.0166	-297.21253
0.0167	-297.06604
0.0168	-296.91953
0.0169	-296.77301
0.017	-296.62647
0.0171	-296.47992
0.0172	-296.33335
0.0173	-296.18676
0.0174	-296.04015
0.0175	-295.89353
0.0176	-295.74689
0.0177	-295.60023
0.0178	-295.45356
0.0179	-295.30687
0.018	-295.16016
0.0181	-295.01344
0.0182	-294.8667
0.0183	-294.71994
0.0184	-294.57316
0.0185	-294.42637
0.0186	-294.27956
0.0187	-294.13274
0.0188	-293.98589
0.0189	-293.83903
0.019	-293.69216
0.0191	-293.54526
0.0192	-293.39835
0.0193	-293.25142
0.0194	-293.10448
0.0195	-292.95751
0.0196	-292.81053
0.0197	-292.66354
0.0198	-292.51652
0.0199	-292.36949
0.02	-292.22244
0.0201	-292.07538
0.0202	-291.9283
0.0203	-291.7812
0.0204	-291.63408
0.0205	-291.48695
0.0206	-291.3398
0.0207	-291.19263
0.0208	-291.04544
0.0209	-290.89824
0.021	-290.75102
0.0211	-290.60379
0.0212	-290.45653
0.0213	-290.30926
0.0214	-290.16197
0.0215	-290.01467
0.0216	-289.86735
0.0217	-289.72001
0.0218	-289.57265
0.0219	-289.42528
0.022	-289.27789
0.0221	-289.13048
0.0222	-288.98305
0.0223	-288.83561
0.0224	-288.68815
0.0225	-288.54067
0.0226	-288.39318
0.0227	-288.24567
0.0228	-288.09814
0.0229	-287.95059
0.023	-287.80303
0.0231	-287.65545
0.0232	-287.50785
0.0233	-287.36023
0.0234	-287.2126
0.0235	-287.06495
0.0236	-286.91728
0.0237	-286.7696
0.0238	-286.6219
0.0239	-286.47418
0.024	-286.32644
0.0241	-286.17869
0.0242	-286.03092
0.0243	-285.88313
0.0244	-285.73532
0.0245	-285.5875
0.0246	-285.43966
0.0247	-285.2918
0.0248	-285.14393
0.0249	-284.99603
0.025	-284.84812
0.0251	-284.7002
0.0252	-284.55225
0.0253	-284.40429
0.0254	-284.25631
0.0255	-284.10831
0.0256	-283.9603
0.0257	-283.81226
0.0258	-283.66421
0.0259	-283.51615
0.026	-283.36806
0.0261	-283.21996
0.0262	-283.07184
0.0263	-282.92371
0.0264	-282.77555
0.0265	-282.62738
0.0266	-282.47919
0.0267	-282.33098
0.0268	-282.18276
0.0269	-282.03452
0.027	-281.88626
0.0271	-281.73798
0.0272	-281.58969
0.0273	-281.44137
0.0274	-281.29304
0.0275	-281.1447
0.0276	-280.99633
0.0277	-280.84795
0.0278	-280.69955
0.0279	-280.55113
0.028	-280.4027
0.0281	-280.25425
0.0282	-280.10577
0.0283	-279.95729
0.0284	-279.80878
0.0285	-279.66026
0.0286	-279.51172
0.0287	-279.36316
0.0288	-279.21458
0.0289	-279.06599
0.029	-278.91738
0.0291	-278.76875
0.0292	-278.6201
0.0293	-278.47144
0.0294	-278.32276
0.0295	-278.17406
0.0296	-278.02534
0.0297	-277.87661
0.0298	-277.72785
0.0299	-277.57908
0.03	-277.43029
0.0301	-277.28149
0.0302	-277.13266
0.0303	-276.98382
0.0304	-276.83496
0.0305	-276.68609
0.0306	-276.53719
0.0307	-276.38828
0.0308	-276.23935
0.0309	-276.0904
0.031	-275.94144
0.0311	-275.79245
0.0312	-275.64345
0.0313	-275.49443
0.0314	-275.3454
0.0315	-275.19634
0.0316	-275.04727
0.0317	-274.89818
0.0318	-274.74907
0.0319	-274.59994
0.032	-274.4508
0.0321	-274.30164
0.0322	-274.15246
0.0323	-274.00326
0.0324	-273.85405
0.0325	-273.70481
0.0326	-273.55556
0.0327	-273.40629
0.0328	-273.25701
0.0329	-273.1077
0.033	-272.95838
0.0331	-272.80904
0.0332	-272.65968
0.0333	-272.5103
0.0334	-272.36091
0.0335	-272.2115
0.0336	-272.06207
0.0337	-271.91262
0.0338	-271.76315
0.0339	-271.61367
0.034	-271.46416
0.0341	-271.31464
0.0342	-271.16511
0.0343	-271.01555
0.0344	-270.86598
0.0345	-270.71638
0.0346	-270.56677
0.0347	-270.41714
0.0348	-270.2675
0.0349	-270.11783
0.035	-269.96815
0.0351	-269.81845
0.0352	-269.66873
0.0353	-269.519
0.0354	-269.36924
0.0355	-269.21947
0.0356	-269.06968
0.0357	-268.91987
0.0358	-268.77004
0.0359	-268.6202
0.036	-268.47033
0.0361	-268.32045
0.0362	-268.17055
0.0363	-268.02063
0.0364	-267.8707
0.0365	-267.72074
0.0366	-267.57077
0.0367	-267.42078
0.0368	-267.27077
0.0369	-267.12074
0.037	-266.9707
0.0371	-266.82064
0.0372	-266.67056
0.0373	-266.52046
0.0374	-266.37034
0.0375	-266.2202
0.0376	-266.07005
0.0377	-265.91987
0.0378	-265.76968
0.0379	-265.61947
0.038	-265.46925
0.0381	-265.319
0.0382	-265.16874
0.0383	-265.01846
0.0384	-264.86816
0.0385	-264.71784
0.0386	-264.5675
0.0387	-264.41714
0.0388	-264.26677
0.0389	-264.11638
0.039	-263.96597
0.0391	-263.81554
0.0392	-263.66509
0.0393	-263.51463
0.0394	-263.36414
0.0395	-263.21364
0.0396	-263.06312
0.0397	-262.91258
0.0398	-262.76202
0.0399	-262.61145
0.04	-262.46086
0.0401	-262.31024
0.0402	-262.15961
0.0403	-262.00896
0.0404	-261.85829
0.0405	-261.70761
0.0406	-261.5569
0.0407	-261.40618
0.0408	-261.25544
0.0409	-261.10468
0.041	-260.9539
0.0411	-260.8031
0.0412	-260.65229
0.0413	-260.50145
0.0414	-260.3506
0.0415	-260.19973
0.0416	-260.04884
0.0417	-259.89793
0.0418	-259.74701
0.0419	-259.59606
0.042	-259.4451
0.0421	-259.29412
0.0422	-259.14312
0.0423	-258.9921
0.0424	-258.84106
0.0425	-258.69
0.0426	-258.53893
0.0427	-258.38783
0.0428	-258.23672
0.0429	-258.08559
0.043	-257.93444
0.0431	-257.78327
0.0432	-257.63209
0.0433	-257.48088
0.0434	-257.32966
0.0435	-257.17841
0.0436	-257.02715
0.0437	-256.87587
0.0438	-256.72457
0.0439	-256.57326
0.044	-256.42192
0.0441	-256.27056
0.0442	-256.11919
0.0443	-255.9678
0.0444	-255.81639
0.0445	-255.66496
0.0446	-255.51351
0.0447	-255.36204
0.0448	-255.21056
0.0449	-255.05905
0.045	-254.90753
0.0451	-254.75599
0.0452	-254.60442
0.0453	-254.45284
0.0454	-254.30125
0.0455	-254.14963
0.0456	-253.99799
0.0457	-253.84634
0.0458	-253.69466
0.0459	-253.54297
0.046	-253.39126
0.0461	-253.23953
0.0462	-253.08778
0.0463	-252.93601
0.0464	-252.78422
0.0465	-252.63242
0.0466	-252.48059
0.0467	-252.32875
0.0468	-252.17689
0.0469	-252.025
0.047	-251.8731
0.0471	-251.72118
0.0472	-251.56925
0.0473	-251.41729
0.0474	-251.26531
0.0475	-251.11332
0.0476	-250.9613
0.0477	-250.80927
0.0478	-250.65722
0.0479	-250.50515
0.048	-250.35306
0.0481	-250.20095
0.0482	-250.04882
0.0483	-249.89667
0.0484	-249.7445
0.0485	-249.59232
0.0486	-249.44012
0.0487	-249.28789
0.0488	-249.13565
0.0489	-248.98339
0.049	-248.83111
0.0491	-248.67881
0.0492	-248.52649
0.0493	-248.37415
0.0494	-248.22179
0.0495	-248.06942
0.0496	-247.91702
0.0497	-247.76461
0.0498	-247.61217
0.0499	-247.45972
0.05	-247.30725
0.0501	-247.15476
0.0502	-247.00225
0.0503	-246.84972
0.0504	-246.69717
0.0505	-246.5446
0.0506	-246.39202
0.0507	-246.23941
0.0508	-246.08679
0.0509	-245.93414
0.051	-245.78148
0.0511	-245.62879
0.0512	-245.47609
0.0513	-245.32337
0.0514	-245.17063
0.0515	-245.01787
0.0516	-244.86509
0.0517	-244.71229
0.0518	-244.55947
0.0519	-244.40664
0.052	-244.25378
0.0521	-244.1009
0.0522	-243.94801
0.0523	-243.79509
0.0524	-243.64216
0.0525	-243.48921
0.0526	-243.33624
0.0527	-243.18324
0.0528	-243.03023
0.0529	-242.8772
0.053	-242.72415
0.0531	-242.57108
0.0532	-242.41799
0.0533	-242.26488
0.0534	-242.11176
0.0535	-241.95861
0.0536	-241.80544
0.0537	-241.65226
0.0538	-241.49905
0.0539	-241.34583
0.054	-241.19258
0.0541	-241.03932
0.0542	-240.88603
0.0543	-240.73273
0.0544	-240.57941
0.0545	-240.42607
0.0546	-240.2727
0.0547	-240.11932
0.0548	-239.96592
0.0549	-239.8125
0.055	-239.65906
0.0551	-239.5056
0.0552	-239.35213
0.0553	-239.19863
0.0554	-239.04511
0.0555	-238.89157
0.0556	-238.73801
0.0557	-238.58444
0.0558	-238.43084
0.0559	-238.27722
0.056	-238.12359
0.0561	-237.96993
0.0562	-237.81626
0.0563	-237.66256
0.0564	-237.50885
0.0565	-237.35512
0.0566	-237.20136
0.0567	-237.04759
0.0568	-236.8938
0.0569	-236.73998
0.057	-236.58615
0.0571	-236.4323
0.0572	-236.27843
0.0573	-236.12453
0.0574	-235.97062
0.0575	-235.81669
0.0576	-235.66274
0.0577	-235.50877
0.0578	-235.35478
0.0579	-235.20077
0.058	-235.04674
0.0581	-234.89269
0.0582	-234.73862
0.0583	-234.58453
0.0584	-234.43042
0.0585	-234.27629
0.0586	-234.12214
0.0587	-233.96797
0.0588	-233.81378
0.0589	-233.65957
0.059	-233.50534
0.0591	-233.35109
0.0592	-233.19683
0.0593	-233.04254
0.0594	-232.88823
0.0595	-232.7339
0.0596	-232.57955
0.0597	-232.42518
0.0598	-232.27079
0.0599	-232.11639
0.06	-231.96196
0.0601	-231.80751
0.0602	-231.65304
0.0603	-231.49855
0.0604	-231.34404
0.0605	-231.18952
0.0606	-231.03497
0.0607	-230.8804
0.0608	-230.72581
0.0609	-230.5712
0.061	-230.41657
0.0611	-230.26193
0.0612	-230.10726
0.0613	-229.95257
0.0614	-229.79786
0.0615	-229.64313
0.0616	-229.48838
0.0617	-229.33361
0.0618	-229.17882
0.0619	-229.02401
0.062	-228.86918
0.0621	-228.71433
0.0622	-228.55946
0.0623	-228.40457
0.0624	-228.24966
0.0625	-228.09473
0.0626	-227.93978
0.0627	-227.78481
0.0628	-227.62982
0.0629	-227.47481
0.063	-227.31978
0.0631	-227.16472
0.0632	-227.00965
0.0633	-226.85456
0.0634	-226.69945
0.0635	-226.54431
0.0636	-226.38916
0.0637	-226.23399
0.0638	-226.07879
0.0639	-225.92358
0.064	-225.76834
0.0641	-225.61309
0.0642	-225.45781
0.0643	-225.30252
0.0644	-225.1472
0.0645	-224.99186
0.0646	-224.83651
0.0647	-224.68113
0.0648	-224.52573
0.0649	-224.37031
0.065	-224.21488
0.0651	-224.05942
0.0652	-223.90394
0.0653	-223.74844
0.0654	-223.59292
0.0655	-223.43738
0.0656	-223.28181
0.0657	-223.12623
0.0658	-222.97063
0.0659	-222.81501
0.066	-222.65936
0.0661	-222.5037
0.0662	-222.34802
0.0663	-222.19231
0.0664	-222.03659
0.0665	-221.88084
0.0666	-221.72507
0.0667	-221.56929
0.0668	-221.41348
0.0669	-221.25765
0.067	-221.1018
0.0671	-220.94593
0.0672	-220.79004
0.0673	-220.63413
0.0674	-220.4782
0.0675	-220.32225
0.0676	-220.16627
0.0677	-220.01028
0.0678	-219.85427
0.0679	-219.69823
0.068	-219.54218
0.0681	-219.3861
0.0682	-219.23
0.0683	-219.07388
0.0684	-218.91775
0.0685	-218.76159
0.0686	-218.60541
0.0687	-218.44921
0.0688	-218.29298
0.0689	-218.13674
0.069	-217.98048
0.0691	-217.8242
0.0692	-217.66789
0.0693	-217.51156
0.0694	-217.35522
0.0695	-217.19885
0.0696	-217.04246
0.0697	-216.88605
0.0698	-216.72962
0.0699	-216.57317
0.07	-216.4167
0.0701	-216.26021
0.0702	-216.1037
0.0703	-215.94716
0.0704	-215.79061
0.0705	-215.63403
0.0706	-215.47743
0.0707	-215.32081
0.0708	-215.16418
0.0709	-215.00752
0.071	-214.85083
0.0711	-214.69413
0.0712	-214.53741
0.0713	-214.38066
0.0714	-214.2239
0.0715	-214.06711
0.0716	-213.91031
0.0717	-213.75348
0.0718	-213.59663
0.0719	-213.43976
0.072	-213.28287
0.0721	-213.12595
0.0722	-212.96902
0.0723	-212.81207
0.0724	-212.65509
0.0725	-212.49809
0.0726	-212.34107
0.0727	-212.18403
0.0728	-212.02697
0.0729	-211.86989
0.073	-211.71279
0.0731	-211.55566
0.0732	-211.39852
0.0733	-211.24135
0.0734	-211.08416
0.0735	-210.92696
0.0736	-210.76973
0.0737	-210.61247
0.0738	-210.4552
0.0739	-210.29791
0.074	-210.14059
0.0741	-209.98326
0.0742	-209.8259
0.0743	-209.66852
0.0744	-209.51112
0.0745	-209.3537
0.0746	-209.19625
0.0747	-209.03879
0.0748	-208.8813
0.0749	-208.72379
0.075	-208.56626
0.0751	-208.40871
0.0752	-208.25114
0.0753	-208.09355
0.0754	-207.93594
0.0755	-207.7783
0.0756	-207.62064
0.0757	-207.46296
0.0758	-207.30526
0.0759	-207.14754
0.076	-206.9898
0.0761	-206.83203
0.0762	-206.67425
0.0763	-206.51644
0.0764	-206.35861
0.0765	-206.20076
0.0766	-206.04289
0.0767	-205.88499
0.0768	-205.72708
0.0769	-205.56914
0.077	-205.41118
0.0771	-205.2532
0.0772	-205.0952
0.0773	-204.93718
0.0774	-204.77913
0.0775	-204.62106
0.0776	-204.46298
0.0777	-204.30486
0.0778	-204.14673
0.0779	-203.98858
0.078	-203.8304
0.0781	-203.67221
0.0782	-203.51399
0.0783	-203.35575
0.0784	-203.19749
0.0785	-203.0392
0.0786	-202.8809
0.0787	-202.72257
0.0788	-202.56422
0.0789	-202.40585
0.079	-202.24746
0.0791	-202.08904
0.0792	-201.93061
0.0793	-201.77215
0.0794	-201.61367
0.0795	-201.45517
0.0796	-201.29664
0.0797	-201.1381
0.0798	-200.97953
0.0799	-200.82094
0.08	-200.66233
0.0801	-200.50369
0.0802	-200.34504
0.0803	-200.18636
0.0804	-200.02766
0.0805	-199.86894
0.0806	-199.7102
0.0807	-199.55143
0.0808	-199.39265
0.0809	-199.23384
0.081	-199.07501
0.0811	-198.91615
0.0812	-198.75728
0.0813	-198.59838
0.0814	-198.43946
0.0815	-198.28052
0.0816	-198.12156
0.0817	-197.96257
0.0818	-197.80356
0.0819	-197.64453
0.082	-197.48548
0.0821	-197.32641
0.0822	-197.16731
0.0823	-197.00819
0.0824	-196.84905
0.0825	-196.68989
0.0826	-196.53071
0.0827	-196.3715
0.0828	-196.21227
0.0829	-196.05302
0.083	-195.89374
0.0831	-195.73445
0.0832	-195.57513
0.0833	-195.41579
0.0834	-195.25643
0.0835	-195.09704
0.0836	-194.93763
0.0837	-194.7782
0.0838	-194.61875
0.0839	-194.45928
0.084	-194.29978
0.0841	-194.14026
0.0842	-193.98072
0.0843	-193.82116
0.0844	-193.66157
0.0845	-193.50196
0.0846	-193.34233
0.0847	-193.18268
0.0848	-193.023
0.0849	-192.8633
0.085	-192.70358
0.0851	-192.54384
0.0852	-192.38407
0.0853	-192.22428
0.0854	-192.06447
0.0855	-191.90464
0.0856	-191.74478
0.0857	-191.58491
0.0858	-191.425
0.0859	-191.26508
0.086	-191.10513
0.0861	-190.94517
0.0862	-190.78517
0.0863	-190.62516
0.0864	-190.46512
0.0865	-190.30507
0.0866	-190.14498
0.0867	-189.98488
0.0868	-189.82475
0.0869	-189.6646
0.087	-189.50443
0.0871	-189.34423
0.0872	-189.18402
0.0873	-189.02378
0.0874	-188.86351
0.0875	-188.70323
0.0876	-188.54292
0.0877	-188.38259
0.0878	-188.22223
0.0879	-188.06185
0.088	-187.90145
0.0881	-187.74103
0.0882	-187.58059
0.0883	-187.42012
0.0884	-187.25963
0.0885	-187.09911
0.0886	-186.93857
0.0887	-186.77801
0.0888	-186.61743
0.0889	-186.45682
0.089	-186.2962
0.0891	-186.13554
0.0892	-185.97487
0.0893	-185.81417
0.0894	-185.65345
0.0895	-185.49271
0.0896	-185.33194
0.0897	-185.17115
0.0898	-185.01034
0.0899	-184.8495
0.09	-184.68864
0.0901	-184.52776
0.0902	-184.36686
0.0903	-184.20593
0.0904	-184.04498
0.0905	-183.884
0.0906	-183.72301
0.0907	-183.56199
0.0908	-183.40094
0.0909	-183.23988
0.091	-183.07879
0.0911	-182.91767
0.0912	-182.75654
0.0913	-182.59538
0.0914	-182.43419
0.0915	-182.27299
0.0916	-182.11176
0.0917	-181.95051
0.0918	-181.78923
0.0919	-181.62793
0.092	-181.46661
0.0921	-181.30526
0.0922	-181.14389
0.0923	-180.9825
0.0924	-180.82109
0.0925	-180.65965
0.0926	-180.49819
0.0927	-180.3367
0.0928	-180.17519
0.0929	-180.01366
0.093	-179.8521
0.0931	-179.69052
0.0932	-179.52892
0.0933	-179.36729
0.0934	-179.20564
0.0935	-179.04397
0.0936	-178.88227
0.0937	-178.72055
0.0938	-178.55881
0.0939	-178.39704
0.094	-178.23525
0.0941	-178.07344
0.0942	-177.9116
0.0943	-177.74974
0.0944	-177.58785
0.0945	-177.42594
0.0946	-177.26401
0.0947	-177.10206
0.0948	-176.94008
0.0949	-176.77807
0.095	-176.61605
0.0951	-176.454
0.0952	-176.29192
0.0953	-176.12982
0.0954	-175.9677
0.0955	-175.80556
0.0956	-175.64339
0.0957	-175.48119
0.0958	-175.31898
0.0959	-175.15674
0.096	-174.99447
0.0961	-174.83218
0.0962	-174.66987
0.0963	-174.50754
0.0964	-174.34518
0.0965	-174.18279
0.0966	-174.02039
0.0967	-173.85796
0.0968	-173.6955
0.0969	-173.53302
0.097	-173.37052
0.0971	-173.20799
0.0972	-173.04544
0.0973	-172.88287
0.0974	-172.72027
0.0975	-172.55764
0.0976	-172.395
0.0977	-172.23233
0.0978	-172.06963
0.0979	-171.90691
0.098	-171.74417
0.0981	-171.5814
0.0982	-171.41861
0.0983	-171.25579
0.0984	-171.09296
0.0985	-170.93009
0.0986	-170.7672
0.0987	-170.60429
0.0988	-170.44136
0.0989	-170.2784
0.099	-170.11541
0.0991	-169.9524
0.0992	-169.78937
0.0993	-169.62631
0.0994	-169.46323
0.0995	-169.30013
0.0996	-169.137
0.0997	-168.97384
0.0998	-168.81066
0.0999	-168.64746
0.1	-168.48423
0.1001	-168.32098
0.1002	-168.15771
0.1003	-167.99441
0.1004	-167.83108
0.1005	-167.66773
0.1006	-167.50436
0.1007	-167.34096
0.1008	-167.17754
0.1009	-167.01409
0.101	-166.85062
0.1011	-166.68712
0.1012	-166.5236
0.1013	-166.36006
0.1014	-166.19649
0.1015	-166.0329
0.1016	-165.86928
0.1017	-165.70563
0.1018	-165.54197
0.1019	-165.37828
0.102	-165.21456
0.1021	-165.05082
0.1022	-164.88705
0.1023	-164.72326
0.1024	-164.55945
0.1025	-164.39561
0.1026	-164.23174
0.1027	-164.06785
0.1028	-163.90394
0.1029	-163.74
0.103	-163.57603
0.1031	-163.41205
0.1032	-163.24803
0.1033	-163.084
0.1034	-162.91993
0.1035	-162.75584
0.1036	-162.59173
0.1037	-162.4276
0.1038	-162.26343
0.1039	-162.09925
0.104	-161.93503
0.1041	-161.7708
0.1042	-161.60654
0.1043	-161.44225
0.1044	-161.27794
0.1045	-161.1136
0.1046	-160.94924
0.1047	-160.78485
0.1048	-160.62044
0.1049	-160.456
0.105	-160.29154
0.1051	-160.12706
0.1052	-159.96254
0.1053	-159.79801
0.1054	-159.63345
0.1055	-159.46886
0.1056	-159.30425
0.1057	-159.13961
0.1058	-158.97495
0.1059	-158.81026
0.106	-158.64555
0.1061	-158.48081
0.1062	-158.31605
0.1063	-158.15126
0.1064	-157.98644
0.1065	-157.8216
0.1066	-157.65674
0.1067	-157.49185
0.1068	-157.32694
0.1069	-157.162
0.107	-156.99703
0.1071	-156.83204
0.1072	-156.66702
0.1073	-156.50198
0.1074	-156.33691
0.1075	-156.17182
0.1076	-156.0067
0.1077	-155.84156
0.1078	-155.67639
0.1079	-155.5112
0.108	-155.34598
0.1081	-155.18073
0.1082	-155.01546
0.1083	-154.85017
0.1084	-154.68484
0.1085	-154.5195
0.1086	-154.35412
0.1087	-154.18873
0.1088	-154.0233
0.1089	-153.85785
0.109	-153.69238
0.1091	-153.52688
0.1092	-153.36135
0.1093	-153.1958
0.1094	-153.03022
0.1095	-152.86462
0.1096	-152.69899
0.1097	-152.53333
0.1098	-152.36765
0.1099	-152.20194
0.11	-152.03621
0.1101	-151.87045
0.1102	-151.70467
0.1103	-151.53886
0.1104	-151.37302
0.1105	-151.20716
0.1106	-151.04127
0.1107	-150.87536
0.1108	-150.70942
0.1109	-150.54345
0.111	-150.37746
0.1111	-150.21144
0.1112	-150.0454
0.1113	-149.87933
0.1114	-149.71324
0.1115	-149.54712
0.1116	-149.38097
0.1117	-149.21479
0.1118	-149.0486
0.1119	-148.88237
0.112	-148.71612
0.1121	-148.54984
0.1122	-148.38354
0.1123	-148.21721
0.1124	-148.05085
0.1125	-147.88447
0.1126	-147.71806
0.1127	-147.55162
0.1128	-147.38516
0.1129	-147.21867
0.113	-147.05216
0.1131	-146.88562
0.1132	-146.71905
0.1133	-146.55246
0.1134	-146.38584
0.1135	-146.2192
0.1136	-146.05253
0.1137	-145.88583
0.1138	-145.7191
0.1139	-145.55235
0.114	-145.38558
0.1141	-145.21877
0.1142	-145.05194
0.1143	-144.88508
0.1144	-144.7182
0.1145	-144.55129
0.1146	-144.38436
0.1147	-144.21739
0.1148	-144.0504
0.1149	-143.88339
0.115	-143.71634
0.1151	-143.54928
0.1152	-143.38218
0.1153	-143.21506
0.1154	-143.04791
0.1155	-142.88073
0.1156	-142.71353
0.1157	-142.5463
0.1158	-142.37904
0.1159	-142.21176
0.116	-142.04445
0.1161	-141.87712
0.1162	-141.70975
0.1163	-141.54236
0.1164	-141.37495
0.1165	-141.2075
0.1166	-141.04003
0.1167	-140.87253
0.1168	-140.70501
0.1169	-140.53746
0.117	-140.36988
0.1171	-140.20228
0.1172	-140.03464
0.1173	-139.86699
0.1174	-139.6993
0.1175	-139.53159
0.1176	-139.36385
0.1177	-139.19608
0.1178	-139.02828
0.1179	-138.86046
0.118	-138.69261
0.1181	-138.52474
0.1182	-138.35684
0.1183	-138.18891
0.1184	-138.02095
0.1185	-137.85297
0.1186	-137.68495
0.1187	-137.51691
0.1188	-137.34885
0.1189	-137.18076
0.119	-137.01264
0.1191	-136.84449
0.1192	-136.67631
0.1193	-136.50811
0.1194	-136.33988
0.1195	-136.17162
0.1196	-136.00334
0.1197	-135.83503
0.1198	-135.66669
0.1199	-135.49832
0.12	-135.32992
0.1201	-135.1615
0.1202	-134.99305
0.1203	-134.82458
0.1204	-134.65607
0.1205	-134.48754
0.1206	-134.31898
0.1207	-134.15039
0.1208	-133.98178
0.1209	-133.81314
0.121	-133.64447
0.1211	-133.47577
0.1212	-133.30704
0.1213	-133.13829
0.1214	-132.96951
0.1215	-132.8007
0.1216	-132.63186
0.1217	-132.463
0.1218	-132.29411
0.1219	-132.12519
0.122	-131.95624
0.1221	-131.78727
0.1222	-131.61826
0.1223	-131.44923
0.1224	-131.28017
0.1225	-131.11109
0.1226	-130.94197
0.1227	-130.77283
0.1228	-130.60366
0.1229	-130.43446
0.123	-130.26523
0.1231	-130.09598
0.1232	-129.92669
0.1233	-129.75738
0.1234	-129.58804
0.1235	-129.41868
0.1236	-129.24928
0.1237	-129.07986
0.1238	-128.91041
0.1239	-128.74093
0.124	-128.57142
0.1241	-128.40188
0.1242	-128.23232
0.1243	-128.06272
0.1244	-127.8931
0.1245	-127.72345
0.1246	-127.55378
0.1247	-127.38407
0.1248	-127.21434
0.1249	-127.04457
0.125	-126.87478
0.1251	-126.70496
0.1252	-126.53511
0.1253	-126.36524
0.1254	-126.19533
0.1255	-126.0254
0.1256	-125.85544
0.1257	-125.68545
0.1258	-125.51543
0.1259	-125.34538
0.126	-125.1753
0.1261	-125.0052
0.1262	-124.83507
0.1263	-124.6649
0.1264	-124.49471
0.1265	-124.32449
0.1266	-124.15425
0.1267	-123.98397
0.1268	-123.81366
0.1269	-123.64333
0.127	-123.47297
0.1271	-123.30257
0.1272	-123.13215
0.1273	-122.9617
0.1274	-122.79123
0.1275	-122.62072
0.1276	-122.45018
0.1277	-122.27962
0.1278	-122.10902
0.1279	-121.9384
0.128	-121.76775
0.1281	-121.59707
0.1282	-121.42636
0.1283	-121.25562
0.1284	-121.08485
0.1285	-120.91405
0.1286	-120.74322
0.1287	-120.57237
0.1288	-120.40148
0.1289	-120.23057
0.129	-120.05963
0.1291	-119.88865
0.1292	-119.71765
0.1293	-119.54662
0.1294	-119.37556
0.1295	-119.20447
0.1296	-119.03335
0.1297	-118.8622
0.1298	-118.69103
0.1299	-118.51982
0.13	-118.34858
0.1301	-118.17732
0.1302	-118.00602
0.1303	-117.8347
0.1304	-117.66335
0.1305	-117.49196
0.1306	-117.32055
0.1307	-117.14911
0.1308	-116.97763
0.1309	-116.80613
0.131	-116.6346
0.1311	-116.46304
0.1312	-116.29145
0.1313	-116.11983
0.1314	-115.94818
0.1315	-115.7765
0.1316	-115.60479
0.1317	-115.43305
0.1318	-115.26128
0.1319	-115.08948
0.132	-114.91765
0.1321	-114.74579
0.1322	-114.57391
0.1323	-114.40199
0.1324	-114.23004
0.1325	-114.05806
0.1326	-113.88605
0.1327	-113.71402
0.1328	-113.54195
0.1329	-113.36985
0.133	-113.19772
0.1331	-113.02556
0.1332	-112.85338
0.1333	-112.68116
0.1334	-112.50891
0.1335	-112.33663
0.1336	-112.16432
0.1337	-111.99198
0.1338	-111.81961
0.1339	-111.64721
0.134	-111.47478
0.1341	-111.30232
0.1342	-111.12983
0.1343	-110.95731
0.1344	-110.78476
0.1345	-110.61218
0.1346	-110.43957
0.1347	-110.26693
0.1348	-110.09425
0.1349	-109.92155
0.135	-109.74882
0.1351	-109.57605
0.1352	-109.40326
0.1353	-109.23043
0.1354	-109.05758
0.1355	-108.88469
0.1356	-108.71178
0.1357	-108.53883
0.1358	-108.36585
0.1359	-108.19284
0.136	-108.0198
0.1361	-107.84673
0.1362	-107.67363
0.1363	-107.5005
0.1364	-107.32734
0.1365	-107.15414
0.1366	-106.98092
0.1367	-106.80766
0.1368	-106.63438
0.1369	-106.46106
0.137	-106.28771
0.1371	-106.11433
0.1372	-105.94092
0.1373	-105.76748
0.1374	-105.59401
0.1375	-105.42051
0.1376	-105.24697
0.1377	-105.07341
0.1378	-104.89981
0.1379	-104.72618
0.138	-104.55252
0.1381	-104.37883
0.1382	-104.20511
0.1383	-104.03136
0.1384	-103.85758
0.1385	-103.68376
0.1386	-103.50992
0.1387	-103.33604
0.1388	-103.16213
0.1389	-102.98819
0.139	-102.81422
0.1391	-102.64021
0.1392	-102.46618
0.1393	-102.29211
0.1394	-102.11802
0.1395	-101.94389
0.1396	-101.76973
0.1397	-101.59553
0.1398	-101.42131
0.1399	-101.24705
0.14	-101.07277
0.1401	-100.89845
0.1402	-100.7241
0.1403	-100.54972
0.1404	-100.3753
0.1405	-100.20086
0.1406	-100.02638
0.1407	-99.85187
0.1408	-99.67733
0.1409	-99.50275
0.141	-99.32815
0.1411	-99.15351
0.1412	-98.97884
0.1413	-98.80414
0.1414	-98.62941
0.1415	-98.45464
0.1416	-98.27985
0.1417	-98.10502
0.1418	-97.93016
0.1419	-97.75526
0.142	-97.58034
0.1421	-97.40538
0.1422	-97.23039
0.1423	-97.05537
0.1424	-96.88031
0.1425	-96.70523
0.1426	-96.53011
0.1427	-96.35496
0.1428	-96.17977
0.1429	-96.00456
0.143	-95.82931
0.1431	-95.65403
0.1432	-95.47871
0.1433	-95.30337
0.1434	-95.12799
0.1435	-94.95258
0.1436	-94.77713
0.1437	-94.60166
0.1438	-94.42615
0.1439	-94.25061
0.144	-94.07503
0.1441	-93.89943
0.1442	-93.72379
0.1443	-93.54812
0.1444	-93.37241
0.1445	-93.19667
0.1446	-93.0209
0.1447	-92.8451
0.1448	-92.66926
0.1449	-92.49339
0.145	-92.31749
0.1451	-92.14156
0.1452	-91.96559
0.1453	-91.78959
0.1454	-91.61355
0.1455	-91.43749
0.1456	-91.26139
0.1457	-91.08525
0.1458	-90.90909
0.1459	-90.73289
0.146	-90.55665
0.1461	-90.38039
0.1462	-90.20409
0.1463	-90.02776
0.1464	-89.85139
0.1465	-89.67499
0.1466	-89.49856
0.1467	-89.32209
0.1468	-89.14559
0.1469	-88.96906
0.147	-88.79249
0.1471	-88.61589
0.1472	-88.43926
0.1473	-88.26259
0.1474	-88.08589
0.1475	-87.90916
0.1476	-87.73239
0.1477	-87.55559
0.1478	-87.37875
0.1479	-87.20189
0.148	-87.02498
0.1481	-86.84805
0.1482	-86.67108
0.1483	-86.49407
0.1484	-86.31703
0.1485	-86.13996
0.1486	-85.96286
0.1487	-85.78572
0.1488	-85.60854
0.1489	-85.43134
0.149	-85.25409
0.1491	-85.07682
0.1492	-84.89951
0.1493	-84.72216
0.1494	-84.54479
0.1495	-84.36737
0.1496	-84.18993
0.1497	-84.01245
0.1498	-83.83493
0.1499	-83.65738
0.15	-83.4798
0.1501	-83.30218
0.1502	-83.12453
0.1503	-82.94684
0.1504	-82.76912
0.1505	-82.59137
0.1506	-82.41358
0.1507	-82.23575
0.1508	-82.05789
0.1509	-81.88
0.151	-81.70207
0.1511	-81.52411
0.1512	-81.34611
0.1513	-81.16808
0.1514	-80.99001
0.1515	-80.81191
0.1516	-80.63377
0.1517	-80.4556
0.1518	-80.27739
0.1519	-80.09915
0.152	-79.92088
0.1521	-79.74257
0.1522	-79.56422
0.1523	-79.38584
0.1524	-79.20742
0.1525	-79.02897
0.1526	-78.85049
0.1527	-78.67196
0.1528	-78.49341
0.1529	-78.31482
0.153	-78.13619
0.1531	-77.95753
0.1532	-77.77883
0.1533	-77.6001
0.1534	-77.42133
0.1535	-77.24253
0.1536	-77.06369
0.1537	-76.88481
0.1538	-76.7059
0.1539	-76.52696
0.154	-76.34798
0.1541	-76.16896
0.1542	-75.98991
0.1543	-75.81082
0.1544	-75.6317
0.1545	-75.45254
0.1546	-75.27335
0.1547	-75.09412
0.1548	-74.91485
0.1549	-74.73555
0.155	-74.55621
0.1551	-74.37684
0.1552	-74.19743
0.1553	-74.01798
0.1554	-73.8385
0.1555	-73.65899
0.1556	-73.47943
0.1557	-73.29984
0.1558	-73.12022
0.1559	-72.94056
0.156	-72.76086
0.1561	-72.58113
0.1562	-72.40136
0.1563	-72.22155
0.1564	-72.04171
0.1565	-71.86183
0.1566	-71.68191
0.1567	-71.50196
0.1568	-71.32197
0.1569	-71.14195
0.157	-70.96189
0.1571	-70.78179
0.1572	-70.60166
0.1573	-70.42149
0.1574	-70.24128
0.1575	-70.06104
0.1576	-69.88075
0.1577	-69.70044
0.1578	-69.52008
0.1579	-69.33969
0.158	-69.15927
0.1581	-68.9788
0.1582	-68.7983
0.1583	-68.61776
0.1584	-68.43719
0.1585	-68.25657
0.1586	-68.07593
0.1587	-67.89524
0.1588	-67.71452
0.1589	-67.53376
0.159	-67.35296
0.1591	-67.17212
0.1592	-66.99125
0.1593	-66.81034
0.1594	-66.6294
0.1595	-66.44841
0.1596	-66.26739
0.1597	-66.08633
0.1598	-65.90524
0.1599	-65.7241
0.16	-65.54293
0.1601	-65.36173
0.1602	-65.18048
0.1603	-64.9992
0.1604	-64.81787
0.1605	-64.63652
0.1606	-64.45512
0.1607	-64.27369
0.1608	-64.09221
0.1609	-63.9107
0.161	-63.72916
0.1611	-63.54757
0.1612	-63.36595
0.1613	-63.18429
0.1614	-63.00259
0.1615	-62.82085
0.1616	-62.63907
0.1617	-62.45726
0.1618	-62.27541
0.1619	-62.09352
0.162	-61.91159
0.1621	-61.72962
0.1622	-61.54762
0.1623	-61.36558
0.1624	-61.18349
0.1625	-61.00138
0.1626	-60.81922
0.1627	-60.63702
0.1628	-60.45479
0.1629	-60.27251
0.163	-60.0902
0.1631	-59.90785
0.1632	-59.72546
0.1633	-59.54303
0.1634	-59.36057
0.1635	-59.17806
0.1636	-58.99552
0.1637	-58.81293
0.1638	-58.63031
0.1639	-58.44765
0.164	-58.26495
0.1641	-58.08221
0.1642	-57.89943
0.1643	-57.71662
0.1644	-57.53376
0.1645	-57.35087
0.1646	-57.16793
0.1647	-56.98496
0.1648	-56.80195
0.1649	-56.6189
0.165	-56.4358
0.1651	-56.25267
0.1652	-56.0695
0.1653	-55.88629
0.1654	-55.70305
0.1655	-55.51976
0.1656	-55.33643
0.1657	-55.15306
0.1658	-54.96965
0.1659	-54.78621
0.166	-54.60272
0.1661	-54.4192
0.1662	-54.23563
0.1663	-54.05202
0.1664	-53.86838
0.1665	-53.68469
0.1666	-53.50097
0.1667	-53.3172
0.1668	-53.1334
0.1669	-52.94955
0.167	-52.76567
0.1671	-52.58174
0.1672	-52.39777
0.1673	-52.21377
0.1674	-52.02972
0.1675	-51.84563
0.1676	-51.66151
0.1677	-51.47734
0.1678	-51.29313
0.1679	-51.10888
0.168	-50.9246
0.1681	-50.74027
0.1682	-50.5559
0.1683	-50.37149
0.1684	-50.18703
0.1685	-50.00254
0.1686	-49.81801
0.1687	-49.63344
0.1688	-49.44882
0.1689	-49.26417
0.169	-49.07947
0.1691	-48.89474
0.1692	-48.70996
0.1693	-48.52514
0.1694	-48.34028
0.1695	-48.15538
0.1696	-47.97044
0.1697	-47.78545
0.1698	-47.60043
0.1699	-47.41536
0.17	-47.23025
0.1701	-47.04511
0.1702	-46.85992
0.1703	-46.67468
0.1704	-46.48941
0.1705	-46.3041
0.1706	-46.11874
0.1707	-45.93334
0.1708	-45.7479
0.1709	-45.56242
0.171	-45.3769
0.1711	-45.19133
0.1712	-45.00573
0.1713	-44.82008
0.1714	-44.63439
0.1715	-44.44866
0.1716	-44.26288
0.1717	-44.07707
0.1718	-43.89121
0.1719	-43.70531
0.172	-43.51936
0.1721	-43.33338
0.1722	-43.14735
0.1723	-42.96128
0.1724	-42.77517
0.1725	-42.58902
0.1726	-42.40282
0.1727	-42.21658
0.1728	-42.0303
0.1729	-41.84397
0.173	-41.65761
0.1731	-41.4712
0.1732	-41.28475
0.1733	-41.09825
0.1734	-40.91171
0.1735	-40.72513
0.1736	-40.53851
0.1737	-40.35184
0.1738	-40.16513
0.1739	-39.97838
0.174	-39.79158
0.1741	-39.60474
0.1742	-39.41786
0.1743	-39.23094
0.1744	-39.04397
0.1745	-38.85696
0.1746	-38.6699
0.1747	-38.4828
0.1748	-38.29566
0.1749	-38.10847
0.175	-37.92124
0.1751	-37.73397
0.1752	-37.54666
0.1753	-37.3593
0.1754	-37.17189
0.1755	-36.98444
0.1756	-36.79695
0.1757	-36.60942
0.1758	-36.42184
0.1759	-36.23421
0.176	-36.04655
0.1761	-35.85884
0.1762	-35.67108
0.1763	-35.48328
0.1764	-35.29544
0.1765	-35.10755
0.1766	-34.91962
0.1767	-34.73164
0.1768	-34.54362
0.1769	-34.35555
0.177	-34.16744
0.1771	-33.97929
0.1772	-33.79109
0.1773	-33.60285
0.1774	-33.41456
0.1775	-33.22622
0.1776	-33.03785
0.1777	-32.84942
0.1778	-32.66095
0.1779	-32.47244
0.178	-32.28388
0.1781	-32.09528
0.1782	-31.90663
0.1783	-31.71794
0.1784	-31.5292
0.1785	-31.34042
0.1786	-31.15159
0.1787	-30.96272
0.1788	-30.7738
0.1789	-30.58483
0.179	-30.39582
0.1791	-30.20676
0.1792	-30.01766
0.1793	-29.82851
0.1794	-29.63932
0.1795	-29.45008
0.1796	-29.2608
0.1797	-29.07147
0.1798	-28.88209
0.1799	-28.69267
0.18	-28.5032
0.1801	-28.31369
0.1802	-28.12413
0.1803	-27.93452
0.1804	-27.74487
0.1805	-27.55517
0.1806	-27.36542
0.1807	-27.17563
0.1808	-26.98579
0.1809	-26.79591
0.181	-26.60597
0.1811	-26.416
0.1812	-26.22597
0.1813	-26.0359
0.1814	-25.84578
0.1815	-25.65562
0.1816	-25.46541
0.1817	-25.27515
0.1818	-25.08484
0.1819	-24.89449
0.182	-24.70409
0.1821	-24.51364
0.1822	-24.32315
0.1823	-24.13261
0.1824	-23.94202
0.1825	-23.75138
0.1826	-23.5607
0.1827	-23.36997
0.1828	-23.17919
0.1829	-22.98836
0.183	-22.79749
0.1831	-22.60657
0.1832	-22.4156
0.1833	-22.22458
0.1834	-22.03352
0.1835	-21.84241
0.1836	-21.65125
0.1837	-21.46004
0.1838	-21.26878
0.1839	-21.07748
0.184	-20.88612
0.1841	-20.69472
0.1842	-20.50327
0.1843	-20.31177
0.1844	-20.12023
0.1845	-19.92863
0.1846	-19.73699
0.1847	-19.5453
0.1848	-19.35356
0.1849	-19.16177
0.185	-18.96993
0.1851	-18.77804
0.1852	-18.58611
0.1853	-18.39412
0.1854	-18.20209
0.1855	-18.01001
0.1856	-17.81787
0.1857	-17.62569
0.1858	-17.43346
0.1859	-17.24118
0.186	-17.04885
0.1861	-16.85648
0.1862	-16.66405
0.1863	-16.47157
0.1864	-16.27904
0.1865	-16.08647
0.1866	-15.89384
0.1867	-15.70116
0.1868	-15.50844
0.1869	-15.31566
0.187	-15.12284
0.1871	-14.92996
0.1872	-14.73704
0.1873	-14.54406
0.1874	-14.35103
0.1875	-14.15796
0.1876	-13.96483
0.1877	-13.77165
0.1878	-13.57843
0.1879	-13.38515
0.188	-13.19182
0.1881	-12.99844
0.1882	-12.80501
0.1883	-12.61153
0.1884	-12.418
0.1885	-12.22441
0.1886	-12.03078
0.1887	-11.8371
0.1888	-11.64336
0.1889	-11.44957
0.189	-11.25574
0.1891	-11.06185
0.1892	-10.86791
0.1893	-10.67391
0.1894	-10.47987
0.1895	-10.28578
0.1896	-10.09163
0.1897	-9.89743
0.1898	-9.70318
0.1899	-9.50888
0.19	-9.31453
0.1901	-9.12012
0.1902	-8.92566
0.1903	-8.73115
0.1904	-8.53659
0.1905	-8.34198
0.1906	-8.14731
0.1907	-7.95259
0.1908	-7.75782
0.1909	-7.563
0.191	-7.36812
0.1911	-7.1732
0.1912	-6.97821
0.1913	-6.78318
0.1914	-6.58809
0.1915	-6.39296
0.1916	-6.19776
0.1917	-6.00252
0.1918	-5.80722
0.1919	-5.61187
0.192	-5.41646
0.1921	-5.22101
0.1922	-5.0255
0.1923	-4.82993
0.1924	-4.63431
0.1925	-4.43864
0.1926	-4.24292
0.1927	-4.04714
0.1928	-3.85131
0.1929	-3.65542
0.193	-3.45948
0.1931	-3.26349
0.1932	-3.06744
0.1933	-2.87133
0.1934	-2.67518
0.1935	-2.47897
0.1936	-2.2827
0.1937	-2.08638
0.1938	-1.89001
0.1939	-1.69358
0.194	-1.4971
0.1941	-1.30056
0.1942	-1.10397
0.1943	-0.90732
0.1944	-0.71062
0.1945	-0.51386
0.1946	-0.31705
0.1947	-0.12018
0.1948	0.07674
0.1949	0.27372
0.195	0.47075
0.1951	0.66784
0.1952	0.86498
0.1953	1.06218
0.1954	1.25943
0.1955	1.45674
0.1956	1.65411
0.1957	1.85153
0.1958	2.04901
0.1959	2.24654
0.196	2.44413
0.1961	2.64178
0.1962	2.83948
0.1963	3.03724
0.1964	3.23506
0.1965	3.43293
0.1966	3.63086
0.1967	3.82884
0.1968	4.02688
0.1969	4.22498
0.197	4.42313
0.1971	4.62135
0.1972	4.81962
0.1973	5.01794
0.1974	5.21632
0.1975	5.41476
0.1976	5.61326
0.1977	5.81182
0.1978	6.01043
0.1979	6.2091
0.198	6.40783
0.1981	6.60661
0.1982	6.80545
0.1983	7.00435
0.1984	7.20331
0.1985	7.40233
0.1986	7.6014
0.1987	7.80054
0.1988	7.99973
0.1989	8.19898
0.199	8.39829
0.1991	8.59765
0.1992	8.79708
0.1993	8.99656
0.1994	9.1961
0.1995	9.3957
0.1996	9.59536
0.1997	9.79508
0.1998	9.99486
0.1999	10.1947
0.2	10.3946
0.2001	10.59455
0.2002	10.79457
0.2003	10.99464
0.2004	11.19478
0.2005	11.39497
0.2006	11.59522
0.2007	11.79554
0.2008	11.99591
0.2009	12.19635
0.201	12.39684
0.2011	12.59739
0.2012	12.79801
0.2013	12.99868
0.2014	13.19942
0.2015	13.40021
0.2016	13.60107
0.2017	13.80198
0.2018	14.00296
0.2019	14.204
0.202	14.4051
0.2021	14.60626
0.2022	14.80748
0.2023	15.00876
0.2024	15.21011
0.2025	15.41151
0.2026	15.61298
0.2027	15.81451
0.2028	16.0161
0.2029	16.21775
0.203	16.41946
0.2031	16.62124
0.2032	16.82308
0.2033	17.02498
0.2034	17.22694
0.2035	17.42896
0.2036	17.63105
0.2037	17.8332
0.2038	18.03541
0.2039	18.23768
0.204	18.44002
0.2041	18.64242
0.2042	18.84488
0.2043	19.04741
0.2044	19.25
0.2045	19.45265
0.2046	19.65537
0.2047	19.85815
0.2048	20.06099
0.2049	20.26389
0.205	20.46686
0.2051	20.6699
0.2052	20.87299
0.2053	21.07616
0.2054	21.27938
0.2055	21.48267
0.2056	21.68603
0.2057	21.88944
0.2058	22.09293
0.2059	22.29647
0.206	22.50009
0.2061	22.70376
0.2062	22.90751
0.2063	23.11131
0.2064	23.31518
0.2065	23.51912
0.2066	23.72312
0.2067	23.92719
0.2068	24.13132
0.2069	24.33552
0.207	24.53979
0.2071	24.74412
0.2072	24.94851
0.2073	25.15297
0.2074	25.3575
0.2075	25.56209
0.2076	25.76675
0.2077	25.97148
0.2078	26.17627
0.2079	26.38113
0.208	26.58606
0.2081	26.79105
0.2082	26.99611
0.2083	27.20124
0.2084	27.40643
0.2085	27.6117
0.2086	27.81702
0.2087	28.02242
0.2088	28.22788
0.2089	28.43341
0.209	28.63901
0.2091	28.84468
0.2092	29.05041
0.2093	29.25622
0.2094	29.46209
0.2095	29.66803
0.2096	29.87403
0.2097	30.08011
0.2098	30.28625
0.2099	30.49247
0.21	30.69875
0.2101	30.9051
0.2102	31.11152
0.2103	31.31801
0.2104	31.52457
0.2105	31.73119
0.2106	31.93789
0.2107	32.14466
0.2108	32.35149
0.2109	32.5584
0.211	32.76537
0.2111	32.97242
0.2112	33.17954
0.2113	33.38672
0.2114	33.59398
0.2115	33.80131
0.2116	34.0087
0.2117	34.21617
0.2118	34.42371
0.2119	34.63132
0.212	34.839
0.2121	35.04675
0.2122	35.25458
0.2123	35.46247
0.2124	35.67044
0.2125	35.87848
0.2126	36.08659
0.2127	36.29477
0.2128	36.50302
0.2129	36.71135
0.213	36.91975
0.2131	37.12822
0.2132	37.33676
0.2133	37.54538
0.2134	37.75406
0.2135	37.96282
0.2136	38.17166
0.2137	38.38057
0.2138	38.58955
0.2139	38.7986
0.214	39.00773
0.2141	39.21693
0.2142	39.4262
0.2143	39.63555
0.2144	39.84497
0.2145	40.05447
0.2146	40.26403
0.2147	40.47368
0.2148	40.6834
0.2149	40.89319
0.215	41.10306
0.2151	41.313
0.2152	41.52302
0.2153	41.73311
0.2154	41.94328
0.2155	42.15352
0.2156	42.36384
0.2157	42.57423
0.2158	42.7847
0.2159	42.99525
0.216	43.20587
0.2161	43.41657
0.2162	43.62734
0.2163	43.83819
0.2164	44.04912
0.2165	44.26012
0.2166	44.4712
0.2167	44.68236
0.2168	44.89359
0.2169	45.1049
0.217	45.31629
0.2171	45.52776
0.2172	45.7393
0.2173	45.95092
0.2174	46.16262
0.2175	46.3744
0.2176	46.58625
0.2177	46.79818
0.2178	47.0102
0.2179	47.22229
0.218	47.43445
0.2181	47.6467
0.2182	47.85903
0.2183	48.07143
0.2184	48.28392
0.2185	48.49648
0.2186	48.70912
0.2187	48.92184
0.2188	49.13465
0.2189	49.34753
0.219	49.56049
0.2191	49.77353
0.2192	49.98666
0.2193	50.19986
0.2194	50.41314
0.2195	50.62651
0.2196	50.83995
0.2197	51.05348
0.2198	51.26709
0.2199	51.48078
0.22	51.69455
0.2201	51.9084
0.2202	52.12233
0.2203	52.33635
0.2204	52.55045
0.2205	52.76463
0.2206	52.97889
0.2207	53.19323
0.2208	53.40766
0.2209	53.62217
0.221	53.83676
0.2211	54.05144
0.2212	54.2662
0.2213	54.48104
0.2214	54.69597
0.2215	54.91098
0.2216	55.12607
0.2217	55.34125
0.2218	55.55652
0.2219	55.77186
0.222	55.98729
0.2221	56.20281
0.2222	56.41841
0.2223	56.6341
0.2224	56.84987
0.2225	57.06572
0.2226	57.28167
0.2227	57.49769
0.2228	57.71381
0.2229	57.93
0.223	58.14629
0.2231	58.36266
0.2232	58.57912
0.2233	58.79566
0.2234	59.01229
0.2235	59.22901
0.2236	59.44582
0.2237	59.66271
0.2238	59.87969
0.2239	60.09676
0.224	60.31391
0.2241	60.53115
0.2242	60.74848
0.2243	60.9659
0.2244	61.18341
0.2245	61.40101
0.2246	61.61869
0.2247	61.83647
0.2248	62.05433
0.2249	62.27228
0.225	62.49032
0.2251	62.70845
0.2252	62.92668
0.2253	63.14499
0.2254	63.36339
0.2255	63.58188
0.2256	63.80046
0.2257	64.01913
0.2258	64.2379
0.2259	64.45675
0.226	64.6757
0.2261	64.89473
0.2262	65.11386
0.2263	65.33308
0.2264	65.55239
0.2265	65.7718
0.2266	65.99129
0.2267	66.21088
0.2268	66.43056
0.2269	66.65034
0.227	66.8702
0.2271	67.09016
0.2272	67.31022
0.2273	67.53036
0.2274	67.75061
0.2275	67.97094
0.2276	68.19137
0.2277	68.41189
0.2278	68.63251
0.2279	68.85322
0.228	69.07403
0.2281	69.29493
0.2282	69.51593
0.2283	69.73702
0.2284	69.95821
0.2285	70.1795
0.2286	70.40088
0.2287	70.62235
0.2288	70.84393
0.2289	71.0656
0.229	71.28736
0.2291	71.50923
0.2292	71.73119
0.2293	71.95324
0.2294	72.1754
0.2295	72.39765
0.2296	72.62001
0.2297	72.84245
0.2298	73.065
0.2299	73.28765
0.23	73.5104
0.2301	73.73324
0.2302	73.95618
0.2303	74.17923
0.2304	74.40237
0.2305	74.62561
0.2306	74.84895
0.2307	75.0724
0.2308	75.29594
0.2309	75.51958
0.231	75.74333
0.2311	75.96718
0.2312	76.19112
0.2313	76.41517
0.2314	76.63932
0.2315	76.86357
0.2316	77.08793
0.2317	77.31239
0.2318	77.53695
0.2319	77.76161
0.232	77.98637
0.2321	78.21124
0.2322	78.43622
0.2323	78.66129
0.2324	78.88647
0.2325	79.11176
0.2326	79.33714
0.2327	79.56264
0.2328	79.78823
0.2329	80.01394
0.233	80.23975
0.2331	80.46566
0.2332	80.69168
0.2333	80.9178
0.2334	81.14404
0.2335	81.37037
0.2336	81.59682
0.2337	81.82337
0.2338	82.05003
0.2339	82.27679
0.234	82.50367
0.2341	82.73065
0.2342	82.95774
0.2343	83.18494
0.2344	83.41224
0.2345	83.63966
0.2346	83.86718
0.2347	84.09481
0.2348	84.32256
0.2349	84.55041
0.235	84.77837
0.2351	85.00644
0.2352	85.23463
0.2353	85.46292
0.2354	85.69133
0.2355	85.91984
0.2356	86.14847
0.2357	86.37721
0.2358	86.60606
0.2359	86.83502
0.236	87.0641
0.2361	87.29329
0.2362	87.52259
0.2363	87.752
0.2364	87.98153
0.2365	88.21117
0.2366	88.44093
0.2367	88.6708
0.2368	88.90079
0.2369	89.13089
0.237	89.3611
0.2371	89.59143
0.2372	89.82188
0.2373	90.05244
0.2374	90.28311
0.2375	90.51391
0.2376	90.74482
0.2377	90.97585
0.2378	91.20699
0.2379	91.43825
0.238	91.66963
0.2381	91.90113
0.2382	92.13275
0.2383	92.36448
0.2384	92.59634
0.2385	92.82831
0.2386	93.0604
0.2387	93.29261
0.2388	93.52495
0.2389	93.7574
0.239	93.98997
0.2391	94.22267
0.2392	94.45548
0.2393	94.68842
0.2394	94.92147
0.2395	95.15465
0.2396	95.38796
0.2397	95.62138
0.2398	95.85493
0.2399	96.0886
0.24	96.32239
0.2401	96.55631
0.2402	96.79035
0.2403	97.02452
0.2404	97.25881
0.2405	97.49323
0.2406	97.72777
0.2407	97.96243
0.2408	98.19723
0.2409	98.43214
0.241	98.66719
0.2411	98.90236
0.2412	99.13766
0.2413	99.37309
0.2414	99.60864
0.2415	99.84432
0.2416	100.08013
0.2417	100.31607
0.2418	100.55214
0.2419	100.78834
0.242	101.02466
0.2421	101.26112
0.2422	101.49771
0.2423	101.73443
0.2424	101.97128
0.2425	102.20826
0.2426	102.44537
0.2427	102.68261
0.2428	102.91999
0.2429	103.15749
0.243	103.39514
0.2431	103.63291
0.2432	103.87082
0.2433	104.10886
0.2434	104.34704
0.2435	104.58535
0.2436	104.82379
0.2437	105.06237
0.2438	105.30109
0.2439	105.53994
0.244	105.77893
0.2441	106.01806
0.2442	106.25732
0.2443	106.49672
0.2444	106.73626
0.2445	106.97593
0.2446	107.21575
0.2447	107.4557
0.2448	107.69579
0.2449	107.93602
0.245	108.1764
0.2451	108.41691
0.2452	108.65756
0.2453	108.89835
0.2454	109.13929
0.2455	109.38037
0.2456	109.62158
0.2457	109.86295
0.2458	110.10445
0.2459	110.3461
0.246	110.58789
0.2461	110.82982
0.2462	111.0719
0.2463	111.31413
0.2464	111.5565
0.2465	111.79901
0.2466	112.04167
0.2467	112.28448
0.2468	112.52743
0.2469	112.77053
0.247	113.01378
0.2471	113.25718
0.2472	113.50072
0.2473	113.74441
0.2474	113.98826
0.2475	114.23225
0.2476	114.47639
0.2477	114.72068
0.2478	114.96512
0.2479	115.20972
0.248	115.45446
0.2481	115.69936
0.2482	115.94441
0.2483	116.18961
0.2484	116.43497
0.2485	116.68048
0.2486	116.92614
0.2487	117.17196
0.2488	117.41794
0.2489	117.66406
0.249	117.91035
0.2491	118.15679
0.2492	118.40339
0.2493	118.65014
0.2494	118.89705
0.2495	119.14412
0.2496	119.39135
0.2497	119.63874
0.2498	119.88629
0.2499	120.13399
0.25	120.38186
0.2501	120.62989
0.2502	120.87808
0.2503	121.12643
0.2504	121.37494
0.2505	121.62362
0.2506	121.87246
0.2507	122.12146
0.2508	122.37062
0.2509	122.61995
0.251	122.86945
0.2511	123.11911
0.2512	123.36894
0.2513	123.61893
0.2514	123.86909
0.2515	124.11942
0.2516	124.36991
0.2517	124.62058
0.2518	124.87141
0.2519	125.12241
0.252	125.37358
0.2521	125.62492
0.2522	125.87644
0.2523	126.12812
0.2524	126.37998
0.2525	126.632
0.2526	126.88421
0.2527	127.13658
0.2528	127.38913
0.2529	127.64185
0.253	127.89475
0.2531	128.14782
0.2532	128.40107
0.2533	128.6545
0.2534	128.9081
0.2535	129.16188
0.2536	129.41584
0.2537	129.66998
0.2538	129.9243
0.2539	130.17879
0.254	130.43347
0.2541	130.68833
0.2542	130.94337
0.2543	131.19859
0.2544	131.45399
0.2545	131.70958
0.2546	131.96535
0.2547	132.22131
0.2548	132.47745
0.2549	132.73377
0.255	132.99028
0.2551	133.24698
0.2552	133.50387
0.2553	133.76094
0.2554	134.0182
0.2555	134.27565
0.2556	134.53329
0.2557	134.79112
0.2558	135.04914
0.2559	135.30736
0.256	135.56576
0.2561	135.82436
0.2562	136.08315
0.2563	136.34213
0.2564	136.60131
0.2565	136.86068
0.2566	137.12025
0.2567	137.38002
0.2568	137.63998
0.2569	137.90014
0.257	138.1605
0.2571	138.42106
0.2572	138.68181
0.2573	138.94277
0.2574	139.20393
0.2575	139.46529
0.2576	139.72685
0.2577	139.98861
0.2578	140.25058
0.2579	140.51276
0.258	140.77513
0.2581	141.03772
0.2582	141.3005
0.2583	141.5635
0.2584	141.8267
0.2585	142.09012
0.2586	142.35374
0.2587	142.61757
0.2588	142.88161
0.2589	143.14586
0.259	143.41033
0.2591	143.675
0.2592	143.93989
0.2593	144.205
0.2594	144.47032
0.2595	144.73585
0.2596	145.0016
0.2597	145.26757
0.2598	145.53375
0.2599	145.80016
0.26	146.06678
0.2601	146.33362
0.2602	146.60069
0.2603	146.86797
0.2604	147.13548
0.2605	147.40321
0.2606	147.67117
0.2607	147.93935
0.2608	148.20775
0.2609	148.47638
0.261	148.74524
0.2611	149.01433
0.2612	149.28364
0.2613	149.55319
0.2614	149.82296
0.2615	150.09297
0.2616	150.3632
0.2617	150.63367
0.2618	150.90438
0.2619	151.17532
0.262	151.44649
0.2621	151.7179
0.2622	151.98955
0.2623	152.26143
0.2624	152.53356
0.2625	152.80592
0.2626	153.07852
0.2627	153.35137
0.2628	153.62446
0.2629	153.89779
0.263	154.17136
0.2631	154.44518
0.2632	154.71925
0.2633	154.99356
0.2634	155.26812
0.2635	155.54293
0.2636	155.81799
0.2637	156.0933
0.2638	156.36886
0.2639	156.64467
0.264	156.92074
0.2641	157.19706
0.2642	157.47363
0.2643	157.75047
0.2644	158.02756
0.2645	158.3049
0.2646	158.58251
0.2647	158.86038
0.2648	159.13851
0.2649	159.4169
0.265	159.69555
0.2651	159.97447
0.2652	160.25366
0.2653	160.53311
0.2654	160.81282
0.2655	161.09281
0.2656	161.37306
0.2657	161.65359
0.2658	161.93439
0.2659	162.21546
0.266	162.4968
0.2661	162.77842
0.2662	163.06032
0.2663	163.34249
0.2664	163.62494
0.2665	163.90767
0.2666	164.19068
0.2667	164.47397
0.2668	164.75755
0.2669	165.04141
0.267	165.32555
0.2671	165.60998
0.2672	165.8947
0.2673	166.1797
0.2674	166.465
0.2675	166.75058
0.2676	167.03646
0.2677	167.32263
0.2678	167.6091
0.2679	167.89586
0.268	168.18292
0.2681	168.47028
0.2682	168.75794
0.2683	169.04589
0.2684	169.33415
0.2685	169.62272
0.2686	169.91159
0.2687	170.20076
0.2688	170.49024
0.2689	170.78003
0.269	171.07013
0.2691	171.36054
0.2692	171.65126
0.2693	171.9423
0.2694	172.23365
0.2695	172.52532
0.2696	172.81731
0.2697	173.10961
0.2698	173.40224
0.2699	173.69519
0.27	173.98846
0.2701	174.28206
0.2702	174.57598
0.2703	174.87023
0.2704	175.16482
0.2705	175.45973
0.2706	175.75497
0.2707	176.05055
0.2708	176.34646
0.2709	176.64271
0.271	176.9393
0.2711	177.23623
0.2712	177.5335
0.2713	177.83111
0.2714	178.12907
0.2715	178.42738
0.2716	178.72603
0.2717	179.02503
0.2718	179.32438
0.2719	179.62408
0.272	179.92414
0.2721	180.22456
0.2722	180.52533
0.2723	180.82646
0.2724	181.12795
0.2725	181.4298
0.2726	181.73202
0.2727	182.03461
0.2728	182.33756
0.2729	182.64088
0.273	182.94458
0.2731	183.24864
0.2732	183.55308
0.2733	183.8579
0.2734	184.1631
0.2735	184.46868
0.2736	184.77464
0.2737	185.08098
0.2738	185.38771
0.2739	185.69483
0.274	186.00233
0.2741	186.31023
0.2742	186.61852
0.2743	186.92721
0.2744	187.2363
0.2745	187.54578
0.2746	187.85567
0.2747	188.16596
0.2748	188.47666
0.2749	188.78776
0.275	189.09927
0.2751	189.4112
0.2752	189.72354
0.2753	190.03629
0.2754	190.34947
0.2755	190.66306
0.2756	190.97708
0.2757	191.29152
0.2758	191.60639
0.2759	191.92168
0.276	192.23741
0.2761	192.55358
0.2762	192.87018
0.2763	193.18721
0.2764	193.50469
0.2765	193.82261
0.2766	194.14098
0.2767	194.45979
0.2768	194.77906
0.2769	195.09878
0.277	195.41895
0.2771	195.73958
0.2772	196.06067
0.2773	196.38222
0.2774	196.70424
0.2775	197.02673
0.2776	197.34968
0.2777	197.67311
0.2778	197.99702
0.2779	198.3214
0.278	198.64626
0.2781	198.97161
0.2782	199.29744
0.2783	199.62377
0.2784	199.95058
0.2785	200.27789
0.2786	200.6057
0.2787	200.934
0.2788	201.26281
0.2789	201.59213
0.279	201.92196
0.2791	202.2523
0.2792	202.58315
0.2793	202.91452
0.2794	203.24641
0.2795	203.57883
0.2796	203.91177
0.2797	204.24525
0.2798	204.57926
0.2799	204.9138
0.28	205.24889
0.2801	205.58452
0.2802	205.92069
0.2803	206.25742
0.2804	206.5947
0.2805	206.93253
0.2806	207.27093
0.2807	207.60989
0.2808	207.94941
0.2809	208.28951
0.281	208.63018
0.2811	208.97143
0.2812	209.31327
0.2813	209.65568
0.2814	209.99869
0.2815	210.34229
0.2816	210.68648
0.2817	211.03128
0.2818	211.37668
0.2819	211.72268
0.282	212.0693
0.2821	212.41654
0.2822	212.7644
0.2823	213.11288
0.2824	213.46199
0.2825	213.81173
0.2826	214.16211
0.2827	214.51312
0.2828	214.86479
0.2829	215.2171
0.283	215.57007
0.2831	215.9237
0.2832	216.27799
0.2833	216.63295
0.2834	216.98858
0.2835	217.34488
0.2836	217.70187
0.2837	218.05955
0.2838	218.41791
0.2839	218.77697
0.284	219.13674
0.2841	219.4972
0.2842	219.85838
0.2843	220.22028
0.2844	220.5829
0.2845	220.94624
0.2846	221.31032
0.2847	221.67513
0.2848	222.04068
0.2849	222.40698
0.285	222.77404
0.2851	223.14186
0.2852	223.51044
0.2853	223.87979
0.2854	224.24991
0.2855	224.62082
0.2856	224.99252
0.2857	225.36501
0.2858	225.7383
0.2859	226.1124
0.286	226.48731
0.2861	226.86304
0.2862	227.2396
0.2863	227.61699
0.2864	227.99521
0.2865	228.37428
0.2866	228.75421
0.2867	229.13499
0.2868	229.51664
0.2869	229.89916
0.287	230.28256
0.2871	230.66684
0.2872	231.05203
0.2873	231.43811
0.2874	231.8251
0.2875	232.21301
0.2876	232.60185
0.2877	232.99161
0.2878	233.38232
0.2879	233.77397
0.288	234.16659
0.2881	234.56016
0.2882	234.95471
0.2883	235.35024
0.2884	235.74677
0.2885	236.14429
0.2886	236.54281
0.2887	236.94236
0.2888	237.34293
0.2889	237.74454
0.289	238.14719
0.2891	238.55089
0.2892	238.95566
0.2893	239.3615
0.2894	239.76843
0.2895	240.17645
0.2896	240.58557
0.2897	240.99581
0.2898	241.40717
0.2899	241.81967
0.29	242.23331
0.2901	242.64811
0.2902	243.06409
0.2903	243.48124
0.2904	243.89958
0.2905	244.31913
0.2906	244.73989
0.2907	245.16188
0.2908	245.58511
0.2909	246.0096
0.291	246.43535
0.2911	246.86238
0.2912	247.2907
0.2913	247.72033
0.2914	248.15128
0.2915	248.58356
0.2916	249.01718
0.2917	249.45217
0.2918	249.88854
0.2919	250.3263
0.292	250.76546
0.2921	251.20605
0.2922	251.64807
0.2923	252.09155
0.2924	252.5365
0.2925	252.98294
0.2926	253.43088
0.2927	253.88034
0.2928	254.33134
0.2929	254.7839
0.293	255.23803
0.2931	255.69376
0.2932	256.1511
0.2933	256.61007
0.2934	257.0707
0.2935	257.53299
0.2936	257.99698
0.2937	258.46268
0.2938	258.93012
0.2939	259.39931
0.294	259.87028
0.2941	260.34306
0.2942	260.81766
0.2943	261.2941
0.2944	261.77243
0.2945	262.25264
0.2946	262.73479
0.2947	263.21888
0.2948	263.70494
0.2949	264.19301
0.295	264.68311
0.2951	265.17526
0.2952	265.66951
0.2953	266.16587
0.2954	266.66437
0.2955	267.16506
0.2956	267.66795
0.2957	268.17308
0.2958	268.68049
0.2959	269.19021
0.296	269.70228
0.2961	270.21672
0.2962	270.73358
0.2963	271.2529
0.2964	271.7747
0.2965	272.29904
0.2966	272.82596
0.2967	273.35548
0.2968	273.88767
0.2969	274.42256
0.297	274.96019
0.2971	275.50062
0.2972	276.04388
0.2973	276.59004
0.2974	277.13914
0.2975	277.69123
0.2976	278.24636
0.2977	278.8046
0.2978	279.366
0.2979	279.93061
0.298	280.4985
0.2981	281.06972
0.2982	281.64435
0.2983	282.22245
0.2984	282.80409
0.2985	283.38933
0.2986	283.97825
0.2987	284.57093
0.2988	285.16744
0.2989	285.76787
0.299	286.37229
0.2991	286.9808
0.2992	287.59348
0.2993	288.21043
0.2994	288.83174
0.2995	289.45751
0.2996	290.08785
0.2997	290.72286
0.2998	291.36265
0.2999	292.00734
0.3	292.65706
0.3001	293.31192
0.3002	293.97207
0.3003	294.63763
0.3004	295.30874
0.3005	295.98557
0.3006	296.66826
0.3007	297.35697
0.3008	298.05189
0.3009	298.75317
0.301	299.46103
0.3011	300.17564
0.3012	300.89721
0.3013	301.62597
0.3014	302.36214
0.3015	303.10596
0.3016	303.85769
0.3017	304.61759
0.3018	305.38594
0.3019	306.16306
0.302	306.94924
0.3021	307.74484
0.3022	308.55021
0.3023	309.36573
0.3024	310.19181
0.3025	311.02887
0.3026	311.8774
0.3027	312.73788
0.3028	313.61085
0.3029	314.49688
0.303	315.39661
0.3031	316.31068
0.3032	317.23984
0.3033	318.18488
0.3034	319.14664
0.3035	320.12609
0.3036	321.12423
0.3037	322.14222
0.3038	323.1813
0.3039	324.24287
0.304	325.32846
0.3041	326.43982
0.3042	327.57888
0.3043	328.74786
0.3044	329.94926
0.3045	331.18596
0.3046	332.46128
0.3047	333.77911
0.3048	335.144
0.3049	336.56139
0.305	338.03783
0.3051	339.58135
