A	B
0	-266.85229
1E-4	-267.10281
2E-4	-267.35615
3E-4	-267.61222
4E-4	-267.87097
5E-4	-268.1323
6E-4	-268.39617
7E-4	-268.66248
8E-4	-268.93118
9E-4	-269.20218
1E-3	-269.47542
0.0011	-269.75082
0.0012	-270.02832
0.0013	-270.30782
0.0014	-270.58927
0.0015	-270.8726
0.0016	-271.15771
0.0017	-271.44456
0.0018	-271.73305
0.0019	-272.02312
0.002	-272.31469
0.0021	-272.6077
0.0022	-272.90207
0.0023	-273.19772
0.0024	-273.49459
0.0025	-273.79261
0.0026	-274.09169
0.0027	-274.39178
0.0028	-274.6928
0.0029	-274.99467
0.003	-275.29734
0.0031	-275.60073
0.0032	-275.90477
0.0033	-276.20939
0.0034	-276.51452
0.0035	-276.82011
0.0036	-277.12607
0.0037	-277.43235
0.0038	-277.73887
0.0039	-278.04557
0.004	-278.3524
0.0041	-278.65927
0.0042	-278.96614
0.0043	-279.27293
0.0044	-279.57959
0.0045	-279.88605
0.0046	-280.19226
0.0047	-280.49815
0.0048	-280.80366
0.0049	-281.10874
0.005	-281.41333
0.0051	-281.71737
0.0052	-282.0208
0.0053	-282.32358
0.0054	-282.62564
0.0055	-282.92693
0.0056	-283.2274
0.0057	-283.52699
0.0058	-283.82567
0.0059	-284.12337
0.006	-284.42004
0.0061	-284.71564
0.0062	-285.01012
0.0063	-285.30343
0.0064	-285.59553
0.0065	-285.88637
0.0066	-286.17591
0.0067	-286.4641
0.0068	-286.7509
0.0069	-287.03627
0.007	-287.32017
0.0071	-287.60255
0.0072	-287.88338
0.0073	-288.16262
0.0074	-288.44024
0.0075	-288.71619
0.0076	-288.99044
0.0077	-289.26295
0.0078	-289.53369
0.0079	-289.80264
0.008	-290.06974
0.0081	-290.33498
0.0082	-290.59832
0.0083	-290.85973
0.0084	-291.11919
0.0085	-291.37666
0.0086	-291.63212
0.0087	-291.88553
0.0088	-292.13688
0.0089	-292.38614
0.009	-292.63328
0.0091	-292.87829
0.0092	-293.12113
0.0093	-293.36178
0.0094	-293.60023
0.0095	-293.83645
0.0096	-294.07042
0.0097	-294.30212
0.0098	-294.53154
0.0099	-294.75866
0.01	-294.98345
0.0101	-295.20591
0.0102	-295.42601
0.0103	-295.64374
0.0104	-295.85909
0.0105	-296.07204
0.0106	-296.28258
0.0107	-296.4907
0.0108	-296.69638
0.0109	-296.89961
0.011	-297.10038
0.0111	-297.29868
0.0112	-297.49451
0.0113	-297.68784
0.0114	-297.87868
0.0115	-298.06701
0.0116	-298.25283
0.0117	-298.43613
0.0118	-298.61691
0.0119	-298.79515
0.012	-298.97085
0.0121	-299.14401
0.0122	-299.31462
0.0123	-299.48268
0.0124	-299.64818
0.0125	-299.81113
0.0126	-299.97151
0.0127	-300.12932
0.0128	-300.28457
0.0129	-300.43726
0.013	-300.58737
0.0131	-300.73491
0.0132	-300.87989
0.0133	-301.02229
0.0134	-301.16213
0.0135	-301.29939
0.0136	-301.43409
0.0137	-301.56622
0.0138	-301.69579
0.0139	-301.82279
0.014	-301.94724
0.0141	-302.06912
0.0142	-302.18846
0.0143	-302.30524
0.0144	-302.41948
0.0145	-302.53117
0.0146	-302.64033
0.0147	-302.74695
0.0148	-302.85104
0.0149	-302.95261
0.015	-303.05166
0.0151	-303.1482
0.0152	-303.24222
0.0153	-303.33375
0.0154	-303.42278
0.0155	-303.50933
0.0156	-303.59339
0.0157	-303.67498
0.0158	-303.7541
0.0159	-303.83076
0.016	-303.90497
0.0161	-303.97673
0.0162	-304.04605
0.0163	-304.11295
0.0164	-304.17742
0.0165	-304.23948
0.0166	-304.29914
0.0167	-304.3564
0.0168	-304.41127
0.0169	-304.46377
0.017	-304.5139
0.0171	-304.56167
0.0172	-304.60709
0.0173	-304.65017
0.0174	-304.69091
0.0175	-304.72934
0.0176	-304.76546
0.0177	-304.79927
0.0178	-304.8308
0.0179	-304.86004
0.018	-304.88701
0.0181	-304.91173
0.0182	-304.93419
0.0183	-304.95441
0.0184	-304.97241
0.0185	-304.98819
0.0186	-305.00176
0.0187	-305.01313
0.0188	-305.02232
0.0189	-305.02934
0.019	-305.03419
0.0191	-305.03689
0.0192	-305.03745
0.0193	-305.03588
0.0194	-305.03219
0.0195	-305.02639
0.0196	-305.0185
0.0197	-305.00852
0.0198	-304.99647
0.0199	-304.98236
0.02	-304.9662
0.0201	-304.94801
0.0202	-304.92778
0.0203	-304.90554
0.0204	-304.8813
0.0205	-304.85506
0.0206	-304.82685
0.0207	-304.79666
0.0208	-304.76452
0.0209	-304.73044
0.021	-304.69442
0.0211	-304.65648
0.0212	-304.61664
0.0213	-304.57489
0.0214	-304.53126
0.0215	-304.48575
0.0216	-304.43839
0.0217	-304.38917
0.0218	-304.33811
0.0219	-304.28523
0.022	-304.23053
0.0221	-304.17403
0.0222	-304.11574
0.0223	-304.05567
0.0224	-303.99383
0.0225	-303.93024
0.0226	-303.8649
0.0227	-303.79783
0.0228	-303.72904
0.0229	-303.65854
0.023	-303.58634
0.0231	-303.51246
0.0232	-303.43691
0.0233	-303.35969
0.0234	-303.28082
0.0235	-303.20032
0.0236	-303.11819
0.0237	-303.03444
0.0238	-302.94909
0.0239	-302.86215
0.024	-302.77363
0.0241	-302.68354
0.0242	-302.59189
0.0243	-302.49869
0.0244	-302.40397
0.0245	-302.30772
0.0246	-302.20995
0.0247	-302.11069
0.0248	-302.00994
0.0249	-301.90771
0.025	-301.80402
0.0251	-301.69887
0.0252	-301.59228
0.0253	-301.48425
0.0254	-301.3748
0.0255	-301.26395
0.0256	-301.15169
0.0257	-301.03805
0.0258	-300.92303
0.0259	-300.80665
0.026	-300.68891
0.0261	-300.56982
0.0262	-300.44941
0.0263	-300.32767
0.0264	-300.20462
0.0265	-300.08027
0.0266	-299.95463
0.0267	-299.82771
0.0268	-299.69953
0.0269	-299.57008
0.027	-299.43939
0.0271	-299.30747
0.0272	-299.17432
0.0273	-299.03995
0.0274	-298.90438
0.0275	-298.76761
0.0276	-298.62966
0.0277	-298.49054
0.0278	-298.35025
0.0279	-298.20881
0.028	-298.06623
0.0281	-297.92252
0.0282	-297.77768
0.0283	-297.63173
0.0284	-297.48468
0.0285	-297.33654
0.0286	-297.18732
0.0287	-297.03702
0.0288	-296.88566
0.0289	-296.73325
0.029	-296.5798
0.0291	-296.42531
0.0292	-296.2698
0.0293	-296.11328
0.0294	-295.95576
0.0295	-295.79724
0.0296	-295.63773
0.0297	-295.47725
0.0298	-295.31581
0.0299	-295.15341
0.03	-294.99006
0.0301	-294.82578
0.0302	-294.66057
0.0303	-294.49444
0.0304	-294.3274
0.0305	-294.15946
0.0306	-293.99063
0.0307	-293.82092
0.0308	-293.65033
0.0309	-293.47888
0.031	-293.30658
0.0311	-293.13343
0.0312	-292.95945
0.0313	-292.78463
0.0314	-292.609
0.0315	-292.43255
0.0316	-292.25531
0.0317	-292.07727
0.0318	-291.89844
0.0319	-291.71884
0.032	-291.53848
0.0321	-291.35735
0.0322	-291.17547
0.0323	-290.99285
0.0324	-290.8095
0.0325	-290.62542
0.0326	-290.44062
0.0327	-290.25512
0.0328	-290.06891
0.0329	-289.88201
0.033	-289.69443
0.0331	-289.50617
0.0332	-289.31724
0.0333	-289.12765
0.0334	-288.93741
0.0335	-288.74652
0.0336	-288.555
0.0337	-288.36285
0.0338	-288.17007
0.0339	-287.97668
0.034	-287.78269
0.0341	-287.58809
0.0342	-287.39291
0.0343	-287.19714
0.0344	-287.0008
0.0345	-286.80388
0.0346	-286.60641
0.0347	-286.40838
0.0348	-286.20981
0.0349	-286.0107
0.035	-285.81105
0.0351	-285.61088
0.0352	-285.41019
0.0353	-285.20899
0.0354	-285.00729
0.0355	-284.80509
0.0356	-284.6024
0.0357	-284.39923
0.0358	-284.19559
0.0359	-283.99147
0.036	-283.78689
0.0361	-283.58186
0.0362	-283.37638
0.0363	-283.17045
0.0364	-282.96409
0.0365	-282.7573
0.0366	-282.55009
0.0367	-282.34247
0.0368	-282.13443
0.0369	-281.92599
0.037	-281.71716
0.0371	-281.50793
0.0372	-281.29832
0.0373	-281.08834
0.0374	-280.87798
0.0375	-280.66726
0.0376	-280.45618
0.0377	-280.24474
0.0378	-280.03296
0.0379	-279.82084
0.038	-279.60838
0.0381	-279.3956
0.0382	-279.18249
0.0383	-278.96907
0.0384	-278.75533
0.0385	-278.54129
0.0386	-278.32695
0.0387	-278.11232
0.0388	-277.89739
0.0389	-277.68219
0.039	-277.46671
0.0391	-277.25096
0.0392	-277.03494
0.0393	-276.81866
0.0394	-276.60213
0.0395	-276.38535
0.0396	-276.16832
0.0397	-275.95106
0.0398	-275.73357
0.0399	-275.51584
0.04	-275.2979
0.0401	-275.07974
0.0402	-274.86136
0.0403	-274.64278
0.0404	-274.424
0.0405	-274.20502
0.0406	-273.98585
0.0407	-273.76649
0.0408	-273.54695
0.0409	-273.32724
0.041	-273.10736
0.0411	-272.8873
0.0412	-272.66709
0.0413	-272.44672
0.0414	-272.2262
0.0415	-272.00553
0.0416	-271.78472
0.0417	-271.56377
0.0418	-271.34269
0.0419	-271.12148
0.042	-270.90014
0.0421	-270.67869
0.0422	-270.45712
0.0423	-270.23544
0.0424	-270.01366
0.0425	-269.79178
0.0426	-269.5698
0.0427	-269.34772
0.0428	-269.12556
0.0429	-268.90332
0.043	-268.681
0.0431	-268.4586
0.0432	-268.23613
0.0433	-268.01359
0.0434	-267.791
0.0435	-267.56834
0.0436	-267.34563
0.0437	-267.12287
0.0438	-266.90007
0.0439	-266.67722
0.044	-266.45434
0.0441	-266.23142
0.0442	-266.00847
0.0443	-265.7855
0.0444	-265.5625
0.0445	-265.33949
0.0446	-265.11646
0.0447	-264.89342
0.0448	-264.67038
0.0449	-264.44733
0.045	-264.22428
0.0451	-264.00124
0.0452	-263.77821
0.0453	-263.55518
0.0454	-263.33218
0.0455	-263.10919
0.0456	-262.88622
0.0457	-262.66328
0.0458	-262.44038
0.0459	-262.2175
0.046	-261.99466
0.0461	-261.77186
0.0462	-261.5491
0.0463	-261.32639
0.0464	-261.10374
0.0465	-260.88113
0.0466	-260.65858
0.0467	-260.43609
0.0468	-260.21367
0.0469	-259.99131
0.047	-259.76902
0.0471	-259.5468
0.0472	-259.32466
0.0473	-259.10259
0.0474	-258.88061
0.0475	-258.65872
0.0476	-258.43691
0.0477	-258.2152
0.0478	-257.99358
0.0479	-257.77205
0.048	-257.55063
0.0481	-257.32931
0.0482	-257.10809
0.0483	-256.88698
0.0484	-256.66599
0.0485	-256.44511
0.0486	-256.22435
0.0487	-256.0037
0.0488	-255.78318
0.0489	-255.56279
0.049	-255.34252
0.0491	-255.12239
0.0492	-254.90239
0.0493	-254.68252
0.0494	-254.4628
0.0495	-254.24322
0.0496	-254.02378
0.0497	-253.80449
0.0498	-253.58534
0.0499	-253.36635
0.05	-253.14752
0.0501	-252.92884
0.0502	-252.71032
0.0503	-252.49196
0.0504	-252.27377
0.0505	-252.05575
0.0506	-251.83789
0.0507	-251.62021
0.0508	-251.4027
0.0509	-251.18537
0.051	-250.96822
0.0511	-250.75125
0.0512	-250.53446
0.0513	-250.31786
0.0514	-250.10145
0.0515	-249.88523
0.0516	-249.6692
0.0517	-249.45337
0.0518	-249.23774
0.0519	-249.02231
0.052	-248.80708
0.0521	-248.59205
0.0522	-248.37724
0.0523	-248.16263
0.0524	-247.94823
0.0525	-247.73405
0.0526	-247.52008
0.0527	-247.30633
0.0528	-247.0928
0.0529	-246.8795
0.053	-246.66642
0.0531	-246.45356
0.0532	-246.24094
0.0533	-246.02855
0.0534	-245.81639
0.0535	-245.60446
0.0536	-245.39278
0.0537	-245.18133
0.0538	-244.97013
0.0539	-244.75917
0.054	-244.54845
0.0541	-244.33798
0.0542	-244.12777
0.0543	-243.9178
0.0544	-243.7081
0.0545	-243.49864
0.0546	-243.28945
0.0547	-243.08051
0.0548	-242.87184
0.0549	-242.66344
0.055	-242.4553
0.0551	-242.24742
0.0552	-242.03982
0.0553	-241.83249
0.0554	-241.62544
0.0555	-241.41866
0.0556	-241.21216
0.0557	-241.00594
0.0558	-240.8
0.0559	-240.59435
0.056	-240.38898
0.0561	-240.1839
0.0562	-239.97911
0.0563	-239.77461
0.0564	-239.5704
0.0565	-239.36649
0.0566	-239.16287
0.0567	-238.95956
0.0568	-238.75654
0.0569	-238.55382
0.057	-238.35141
0.0571	-238.14931
0.0572	-237.94751
0.0573	-237.74602
0.0574	-237.54484
0.0575	-237.34397
0.0576	-237.14341
0.0577	-236.94317
0.0578	-236.74325
0.0579	-236.54364
0.058	-236.34435
0.0581	-236.14539
0.0582	-235.94674
0.0583	-235.74842
0.0584	-235.55043
0.0585	-235.35276
0.0586	-235.15542
0.0587	-234.95841
0.0588	-234.76172
0.0589	-234.56537
0.059	-234.36936
0.0591	-234.17367
0.0592	-233.97832
0.0593	-233.78331
0.0594	-233.58863
0.0595	-233.39429
0.0596	-233.20029
0.0597	-233.00663
0.0598	-232.81331
0.0599	-232.62033
0.06	-232.4277
0.0601	-232.23541
0.0602	-232.04346
0.0603	-231.85185
0.0604	-231.66059
0.0605	-231.46968
0.0606	-231.27911
0.0607	-231.08889
0.0608	-230.89902
0.0609	-230.7095
0.061	-230.52032
0.0611	-230.33149
0.0612	-230.14301
0.0613	-229.95488
0.0614	-229.7671
0.0615	-229.57966
0.0616	-229.39258
0.0617	-229.20584
0.0618	-229.01946
0.0619	-228.83342
0.062	-228.64773
0.0621	-228.46239
0.0622	-228.2774
0.0623	-228.09276
0.0624	-227.90847
0.0625	-227.72452
0.0626	-227.54092
0.0627	-227.35767
0.0628	-227.17476
0.0629	-226.9922
0.063	-226.80998
0.0631	-226.62811
0.0632	-226.44658
0.0633	-226.26539
0.0634	-226.08455
0.0635	-225.90404
0.0636	-225.72388
0.0637	-225.54405
0.0638	-225.36456
0.0639	-225.18541
0.064	-225.00659
0.0641	-224.8281
0.0642	-224.64995
0.0643	-224.47213
0.0644	-224.29463
0.0645	-224.11747
0.0646	-223.94063
0.0647	-223.76412
0.0648	-223.58793
0.0649	-223.41206
0.065	-223.23651
0.0651	-223.06128
0.0652	-222.88637
0.0653	-222.71177
0.0654	-222.53748
0.0655	-222.3635
0.0656	-222.18983
0.0657	-222.01646
0.0658	-221.8434
0.0659	-221.67064
0.066	-221.49818
0.0661	-221.32602
0.0662	-221.15415
0.0663	-220.98257
0.0664	-220.81128
0.0665	-220.64028
0.0666	-220.46956
0.0667	-220.29913
0.0668	-220.12897
0.0669	-219.95909
0.067	-219.78949
0.0671	-219.62015
0.0672	-219.45108
0.0673	-219.28228
0.0674	-219.11374
0.0675	-218.94546
0.0676	-218.77743
0.0677	-218.60966
0.0678	-218.44214
0.0679	-218.27486
0.068	-218.10783
0.0681	-217.94104
0.0682	-217.77449
0.0683	-217.60817
0.0684	-217.44208
0.0685	-217.27622
0.0686	-217.11059
0.0687	-216.94517
0.0688	-216.77997
0.0689	-216.61499
0.069	-216.45022
0.0691	-216.28565
0.0692	-216.12129
0.0693	-215.95713
0.0694	-215.79316
0.0695	-215.62939
0.0696	-215.46581
0.0697	-215.30241
0.0698	-215.1392
0.0699	-214.97617
0.07	-214.81331
0.0701	-214.65062
0.0702	-214.4881
0.0703	-214.32574
0.0704	-214.16355
0.0705	-214.00151
0.0706	-213.83962
0.0707	-213.67789
0.0708	-213.5163
0.0709	-213.35485
0.071	-213.19354
0.0711	-213.03236
0.0712	-212.87132
0.0713	-212.7104
0.0714	-212.5496
0.0715	-212.38893
0.0716	-212.22837
0.0717	-212.06792
0.0718	-211.90759
0.0719	-211.74735
0.072	-211.58722
0.0721	-211.42719
0.0722	-211.26725
0.0723	-211.1074
0.0724	-210.94764
0.0725	-210.78796
0.0726	-210.62836
0.0727	-210.46883
0.0728	-210.30938
0.0729	-210.15
0.073	-209.99068
0.0731	-209.83142
0.0732	-209.67222
0.0733	-209.51308
0.0734	-209.35399
0.0735	-209.19494
0.0736	-209.03594
0.0737	-208.87699
0.0738	-208.71807
0.0739	-208.55918
0.074	-208.40033
0.0741	-208.2415
0.0742	-208.0827
0.0743	-207.92392
0.0744	-207.76516
0.0745	-207.60642
0.0746	-207.44769
0.0747	-207.28897
0.0748	-207.13025
0.0749	-206.97154
0.075	-206.81283
0.0751	-206.65412
0.0752	-206.49541
0.0753	-206.33668
0.0754	-206.17795
0.0755	-206.0192
0.0756	-205.86044
0.0757	-205.70166
0.0758	-205.54286
0.0759	-205.38404
0.076	-205.22519
0.0761	-205.06632
0.0762	-204.90741
0.0763	-204.74848
0.0764	-204.5895
0.0765	-204.4305
0.0766	-204.27145
0.0767	-204.11236
0.0768	-203.95324
0.0769	-203.79406
0.077	-203.63484
0.0771	-203.47558
0.0772	-203.31626
0.0773	-203.15689
0.0774	-202.99747
0.0775	-202.83799
0.0776	-202.67846
0.0777	-202.51887
0.0778	-202.35922
0.0779	-202.19951
0.078	-202.03974
0.0781	-201.87991
0.0782	-201.72001
0.0783	-201.56005
0.0784	-201.40002
0.0785	-201.23992
0.0786	-201.07976
0.0787	-200.91953
0.0788	-200.75923
0.0789	-200.59886
0.079	-200.43842
0.0791	-200.2779
0.0792	-200.11732
0.0793	-199.95666
0.0794	-199.79593
0.0795	-199.63513
0.0796	-199.47425
0.0797	-199.3133
0.0798	-199.15227
0.0799	-198.99117
0.08	-198.83
0.0801	-198.66875
0.0802	-198.50743
0.0803	-198.34604
0.0804	-198.18457
0.0805	-198.02303
0.0806	-197.86141
0.0807	-197.69972
0.0808	-197.53796
0.0809	-197.37613
0.081	-197.21422
0.0811	-197.05225
0.0812	-196.8902
0.0813	-196.72808
0.0814	-196.5659
0.0815	-196.40364
0.0816	-196.24132
0.0817	-196.07893
0.0818	-195.91647
0.0819	-195.75395
0.082	-195.59136
0.0821	-195.42871
0.0822	-195.266
0.0823	-195.10322
0.0824	-194.94039
0.0825	-194.7775
0.0826	-194.61454
0.0827	-194.45153
0.0828	-194.28847
0.0829	-194.12535
0.083	-193.96218
0.0831	-193.79895
0.0832	-193.63567
0.0833	-193.47235
0.0834	-193.30897
0.0835	-193.14555
0.0836	-192.98209
0.0837	-192.81858
0.0838	-192.65502
0.0839	-192.49143
0.084	-192.3278
0.0841	-192.16412
0.0842	-192.00041
0.0843	-191.83667
0.0844	-191.67289
0.0845	-191.50908
0.0846	-191.34524
0.0847	-191.18137
0.0848	-191.01747
0.0849	-190.85354
0.085	-190.68959
0.0851	-190.52562
0.0852	-190.36163
0.0853	-190.19761
0.0854	-190.03357
0.0855	-189.86952
0.0856	-189.70545
0.0857	-189.54137
0.0858	-189.37727
0.0859	-189.21317
0.086	-189.04905
0.0861	-188.88492
0.0862	-188.72078
0.0863	-188.55664
0.0864	-188.3925
0.0865	-188.22835
0.0866	-188.06419
0.0867	-187.90004
0.0868	-187.73589
0.0869	-187.57173
0.087	-187.40758
0.0871	-187.24344
0.0872	-187.0793
0.0873	-186.91516
0.0874	-186.75103
0.0875	-186.58691
0.0876	-186.4228
0.0877	-186.2587
0.0878	-186.09461
0.0879	-185.93054
0.088	-185.76647
0.0881	-185.60242
0.0882	-185.43838
0.0883	-185.27436
0.0884	-185.11036
0.0885	-184.94637
0.0886	-184.7824
0.0887	-184.61845
0.0888	-184.45451
0.0889	-184.2906
0.089	-184.1267
0.0891	-183.96283
0.0892	-183.79898
0.0893	-183.63514
0.0894	-183.47133
0.0895	-183.30754
0.0896	-183.14378
0.0897	-182.98003
0.0898	-182.81631
0.0899	-182.65261
0.09	-182.48894
0.0901	-182.32528
0.0902	-182.16165
0.0903	-181.99805
0.0904	-181.83446
0.0905	-181.67091
0.0906	-181.50737
0.0907	-181.34386
0.0908	-181.18037
0.0909	-181.0169
0.091	-180.85345
0.0911	-180.69003
0.0912	-180.52663
0.0913	-180.36326
0.0914	-180.1999
0.0915	-180.03657
0.0916	-179.87325
0.0917	-179.70996
0.0918	-179.54669
0.0919	-179.38344
0.092	-179.2202
0.0921	-179.05699
0.0922	-178.89379
0.0923	-178.73062
0.0924	-178.56746
0.0925	-178.40431
0.0926	-178.24119
0.0927	-178.07807
0.0928	-177.91498
0.0929	-177.7519
0.093	-177.58883
0.0931	-177.42578
0.0932	-177.26274
0.0933	-177.09971
0.0934	-176.93669
0.0935	-176.77368
0.0936	-176.61069
0.0937	-176.4477
0.0938	-176.28472
0.0939	-176.12175
0.094	-175.95879
0.0941	-175.79584
0.0942	-175.63289
0.0943	-175.46995
0.0944	-175.30701
0.0945	-175.14408
0.0946	-174.98115
0.0947	-174.81822
0.0948	-174.6553
0.0949	-174.49238
0.095	-174.32946
0.0951	-174.16654
0.0952	-174.00363
0.0953	-173.84071
0.0954	-173.6778
0.0955	-173.51488
0.0956	-173.35196
0.0957	-173.18904
0.0958	-173.02612
0.0959	-172.8632
0.096	-172.70027
0.0961	-172.53735
0.0962	-172.37442
0.0963	-172.21148
0.0964	-172.04855
0.0965	-171.88561
0.0966	-171.72266
0.0967	-171.55972
0.0968	-171.39677
0.0969	-171.23382
0.097	-171.07086
0.0971	-170.9079
0.0972	-170.74494
0.0973	-170.58197
0.0974	-170.41901
0.0975	-170.25604
0.0976	-170.09307
0.0977	-169.93009
0.0978	-169.76712
0.0979	-169.60414
0.098	-169.44117
0.0981	-169.27819
0.0982	-169.11522
0.0983	-168.95225
0.0984	-168.78928
0.0985	-168.62632
0.0986	-168.46335
0.0987	-168.3004
0.0988	-168.13745
0.0989	-167.9745
0.099	-167.81157
0.0991	-167.64864
0.0992	-167.48573
0.0993	-167.32282
0.0994	-167.15993
0.0995	-166.99705
0.0996	-166.83419
0.0997	-166.67134
0.0998	-166.50851
0.0999	-166.3457
0.1	-166.18291
0.1001	-166.02015
0.1002	-165.85741
0.1003	-165.69469
0.1004	-165.532
0.1005	-165.36935
0.1006	-165.20672
0.1007	-165.04412
0.1008	-164.88156
0.1009	-164.71904
0.101	-164.55656
0.1011	-164.39411
0.1012	-164.23171
0.1013	-164.06936
0.1014	-163.90705
0.1015	-163.74479
0.1016	-163.58259
0.1017	-163.42043
0.1018	-163.25833
0.1019	-163.0963
0.102	-162.93432
0.1021	-162.7724
0.1022	-162.61055
0.1023	-162.44877
0.1024	-162.28706
0.1025	-162.12542
0.1026	-161.96385
0.1027	-161.80236
0.1028	-161.64096
0.1029	-161.47963
0.103	-161.31839
0.1031	-161.15724
0.1032	-160.99618
0.1033	-160.83521
0.1034	-160.67433
0.1035	-160.51356
0.1036	-160.35288
0.1037	-160.19231
0.1038	-160.03184
0.1039	-159.87148
0.104	-159.71123
0.1041	-159.5511
0.1042	-159.39108
0.1043	-159.23117
0.1044	-159.07139
0.1045	-158.91173
0.1046	-158.7522
0.1047	-158.59279
0.1048	-158.43352
0.1049	-158.27438
0.105	-158.11537
0.1051	-157.9565
0.1052	-157.79777
0.1053	-157.63919
0.1054	-157.48075
0.1055	-157.32245
0.1056	-157.1643
0.1057	-157.00631
0.1058	-156.84846
0.1059	-156.69078
0.106	-156.53325
0.1061	-156.37587
0.1062	-156.21866
0.1063	-156.06162
0.1064	-155.90474
0.1065	-155.74802
0.1066	-155.59147
0.1067	-155.4351
0.1068	-155.27889
0.1069	-155.12286
0.107	-154.967
0.1071	-154.81132
0.1072	-154.65581
0.1073	-154.50049
0.1074	-154.34535
0.1075	-154.19038
0.1076	-154.0356
0.1077	-153.881
0.1078	-153.72659
0.1079	-153.57236
0.108	-153.41832
0.1081	-153.26447
0.1082	-153.1108
0.1083	-152.95732
0.1084	-152.80403
0.1085	-152.65093
0.1086	-152.49802
0.1087	-152.3453
0.1088	-152.19277
0.1089	-152.04044
0.109	-151.88829
0.1091	-151.73633
0.1092	-151.58457
0.1093	-151.43299
0.1094	-151.28161
0.1095	-151.13041
0.1096	-150.97941
0.1097	-150.82859
0.1098	-150.67796
0.1099	-150.52753
0.11	-150.37727
0.1101	-150.22721
0.1102	-150.07733
0.1103	-149.92764
0.1104	-149.77813
0.1105	-149.62881
0.1106	-149.47966
0.1107	-149.3307
0.1108	-149.18192
0.1109	-149.03331
0.111	-148.88488
0.1111	-148.73663
0.1112	-148.58855
0.1113	-148.44064
0.1114	-148.2929
0.1115	-148.14533
0.1116	-147.99793
0.1117	-147.85069
0.1118	-147.70361
0.1119	-147.55669
0.112	-147.40993
0.1121	-147.26333
0.1122	-147.11688
0.1123	-146.97058
0.1124	-146.82443
0.1125	-146.67842
0.1126	-146.53256
0.1127	-146.38684
0.1128	-146.24126
0.1129	-146.09581
0.113	-145.95049
0.1131	-145.80531
0.1132	-145.66025
0.1133	-145.51531
0.1134	-145.3705
0.1135	-145.2258
0.1136	-145.08122
0.1137	-144.93674
0.1138	-144.79238
0.1139	-144.64812
0.114	-144.50396
0.1141	-144.3599
0.1142	-144.21593
0.1143	-144.07205
0.1144	-143.92826
0.1145	-143.78455
0.1146	-143.64092
0.1147	-143.49737
0.1148	-143.35389
0.1149	-143.21048
0.115	-143.06713
0.1151	-142.92385
0.1152	-142.78062
0.1153	-142.63744
0.1154	-142.49432
0.1155	-142.35124
0.1156	-142.2082
0.1157	-142.06519
0.1158	-141.92223
0.1159	-141.77929
0.116	-141.63637
0.1161	-141.49348
0.1162	-141.3506
0.1163	-141.20774
0.1164	-141.06489
0.1165	-140.92204
0.1166	-140.77919
0.1167	-140.63634
0.1168	-140.49348
0.1169	-140.3506
0.117	-140.20772
0.1171	-140.06481
0.1172	-139.92188
0.1173	-139.77892
0.1174	-139.63593
0.1175	-139.4929
0.1176	-139.34983
0.1177	-139.20672
0.1178	-139.06355
0.1179	-138.92034
0.118	-138.77706
0.1181	-138.63373
0.1182	-138.49033
0.1183	-138.34686
0.1184	-138.20332
0.1185	-138.0597
0.1186	-137.916
0.1187	-137.77222
0.1188	-137.62834
0.1189	-137.48438
0.119	-137.34031
0.1191	-137.19615
0.1192	-137.05188
0.1193	-136.90751
0.1194	-136.76302
0.1195	-136.61842
0.1196	-136.4737
0.1197	-136.32885
0.1198	-136.18388
0.1199	-136.03879
0.12	-135.89355
0.1201	-135.74819
0.1202	-135.60268
0.1203	-135.45703
0.1204	-135.31123
0.1205	-135.16529
0.1206	-135.01919
0.1207	-134.87294
0.1208	-134.72653
0.1209	-134.57996
0.121	-134.43322
0.1211	-134.28632
0.1212	-134.13924
0.1213	-133.992
0.1214	-133.84458
0.1215	-133.69698
0.1216	-133.5492
0.1217	-133.40124
0.1218	-133.2531
0.1219	-133.10477
0.122	-132.95625
0.1221	-132.80754
0.1222	-132.65863
0.1223	-132.50953
0.1224	-132.36024
0.1225	-132.21074
0.1226	-132.06105
0.1227	-131.91115
0.1228	-131.76105
0.1229	-131.61074
0.123	-131.46023
0.1231	-131.30951
0.1232	-131.15858
0.1233	-131.00744
0.1234	-130.85609
0.1235	-130.70453
0.1236	-130.55276
0.1237	-130.40077
0.1238	-130.24857
0.1239	-130.09615
0.124	-129.94352
0.1241	-129.79067
0.1242	-129.6376
0.1243	-129.48432
0.1244	-129.33083
0.1245	-129.17711
0.1246	-129.02318
0.1247	-128.86903
0.1248	-128.71467
0.1249	-128.56009
0.125	-128.4053
0.1251	-128.25029
0.1252	-128.09506
0.1253	-127.93962
0.1254	-127.78397
0.1255	-127.62811
0.1256	-127.47203
0.1257	-127.31574
0.1258	-127.15925
0.1259	-127.00254
0.126	-126.84563
0.1261	-126.68851
0.1262	-126.53119
0.1263	-126.37366
0.1264	-126.21594
0.1265	-126.05801
0.1266	-125.89988
0.1267	-125.74156
0.1268	-125.58304
0.1269	-125.42432
0.127	-125.26542
0.1271	-125.10633
0.1272	-124.94705
0.1273	-124.78758
0.1274	-124.62793
0.1275	-124.4681
0.1276	-124.30809
0.1277	-124.14791
0.1278	-123.98755
0.1279	-123.82702
0.128	-123.66632
0.1281	-123.50545
0.1282	-123.34442
0.1283	-123.18323
0.1284	-123.02188
0.1285	-122.86037
0.1286	-122.69871
0.1287	-122.53689
0.1288	-122.37493
0.1289	-122.21283
0.129	-122.05058
0.1291	-121.88819
0.1292	-121.72566
0.1293	-121.563
0.1294	-121.40021
0.1295	-121.23729
0.1296	-121.07425
0.1297	-120.91108
0.1298	-120.74779
0.1299	-120.58438
0.13	-120.42086
0.1301	-120.25723
0.1302	-120.09349
0.1303	-119.92964
0.1304	-119.76569
0.1305	-119.60164
0.1306	-119.4375
0.1307	-119.27326
0.1308	-119.10892
0.1309	-118.9445
0.131	-118.77999
0.1311	-118.6154
0.1312	-118.45072
0.1313	-118.28597
0.1314	-118.12114
0.1315	-117.95624
0.1316	-117.79126
0.1317	-117.62622
0.1318	-117.46111
0.1319	-117.29594
0.132	-117.1307
0.1321	-116.96541
0.1322	-116.80006
0.1323	-116.63465
0.1324	-116.46919
0.1325	-116.30368
0.1326	-116.13812
0.1327	-115.97251
0.1328	-115.80686
0.1329	-115.64116
0.133	-115.47542
0.1331	-115.30964
0.1332	-115.14382
0.1333	-114.97797
0.1334	-114.81208
0.1335	-114.64615
0.1336	-114.48019
0.1337	-114.3142
0.1338	-114.14817
0.1339	-113.98212
0.134	-113.81603
0.1341	-113.64992
0.1342	-113.48378
0.1343	-113.31762
0.1344	-113.15143
0.1345	-112.98521
0.1346	-112.81897
0.1347	-112.6527
0.1348	-112.48641
0.1349	-112.32009
0.135	-112.15376
0.1351	-111.98739
0.1352	-111.82101
0.1353	-111.6546
0.1354	-111.48816
0.1355	-111.32171
0.1356	-111.15523
0.1357	-110.98872
0.1358	-110.82219
0.1359	-110.65563
0.136	-110.48905
0.1361	-110.32244
0.1362	-110.15581
0.1363	-109.98914
0.1364	-109.82245
0.1365	-109.65573
0.1366	-109.48897
0.1367	-109.32219
0.1368	-109.15537
0.1369	-108.98852
0.137	-108.82163
0.1371	-108.6547
0.1372	-108.48774
0.1373	-108.32074
0.1374	-108.1537
0.1375	-107.98662
0.1376	-107.81949
0.1377	-107.65232
0.1378	-107.4851
0.1379	-107.31783
0.138	-107.15052
0.1381	-106.98315
0.1382	-106.81573
0.1383	-106.64825
0.1384	-106.48071
0.1385	-106.31312
0.1386	-106.14547
0.1387	-105.97775
0.1388	-105.80997
0.1389	-105.64212
0.139	-105.4742
0.1391	-105.30622
0.1392	-105.13816
0.1393	-104.97002
0.1394	-104.80181
0.1395	-104.63352
0.1396	-104.46515
0.1397	-104.2967
0.1398	-104.12816
0.1399	-103.95954
0.14	-103.79083
0.1401	-103.62203
0.1402	-103.45313
0.1403	-103.28414
0.1404	-103.11506
0.1405	-102.94587
0.1406	-102.77659
0.1407	-102.6072
0.1408	-102.43771
0.1409	-102.26812
0.141	-102.09841
0.1411	-101.9286
0.1412	-101.75868
0.1413	-101.58864
0.1414	-101.41849
0.1415	-101.24822
0.1416	-101.07784
0.1417	-100.90734
0.1418	-100.73672
0.1419	-100.56597
0.142	-100.39511
0.1421	-100.22412
0.1422	-100.053
0.1423	-99.88176
0.1424	-99.71039
0.1425	-99.53889
0.1426	-99.36726
0.1427	-99.1955
0.1428	-99.02361
0.1429	-98.85158
0.143	-98.67943
0.1431	-98.50714
0.1432	-98.33472
0.1433	-98.16216
0.1434	-97.98947
0.1435	-97.81664
0.1436	-97.64368
0.1437	-97.47058
0.1438	-97.29735
0.1439	-97.12398
0.144	-96.95048
0.1441	-96.77684
0.1442	-96.60306
0.1443	-96.42916
0.1444	-96.25511
0.1445	-96.08094
0.1446	-95.90663
0.1447	-95.73219
0.1448	-95.55761
0.1449	-95.38291
0.145	-95.20808
0.1451	-95.03312
0.1452	-94.85803
0.1453	-94.68281
0.1454	-94.50747
0.1455	-94.33201
0.1456	-94.15642
0.1457	-93.98072
0.1458	-93.80489
0.1459	-93.62895
0.146	-93.45289
0.1461	-93.27672
0.1462	-93.10043
0.1463	-92.92404
0.1464	-92.74754
0.1465	-92.57093
0.1466	-92.39422
0.1467	-92.21741
0.1468	-92.0405
0.1469	-91.86349
0.147	-91.68639
0.1471	-91.50919
0.1472	-91.33191
0.1473	-91.15454
0.1474	-90.97709
0.1475	-90.79956
0.1476	-90.62194
0.1477	-90.44426
0.1478	-90.2665
0.1479	-90.08867
0.148	-89.91077
0.1481	-89.73281
0.1482	-89.55479
0.1483	-89.37671
0.1484	-89.19858
0.1485	-89.02039
0.1486	-88.84216
0.1487	-88.66388
0.1488	-88.48556
0.1489	-88.30719
0.149	-88.1288
0.1491	-87.95037
0.1492	-87.7719
0.1493	-87.59342
0.1494	-87.41491
0.1495	-87.23637
0.1496	-87.05782
0.1497	-86.87926
0.1498	-86.70068
0.1499	-86.5221
0.15	-86.34351
0.1501	-86.16492
0.1502	-85.98633
0.1503	-85.80774
0.1504	-85.62916
0.1505	-85.45058
0.1506	-85.27202
0.1507	-85.09348
0.1508	-84.91495
0.1509	-84.73644
0.151	-84.55796
0.1511	-84.3795
0.1512	-84.20106
0.1513	-84.02266
0.1514	-83.84429
0.1515	-83.66595
0.1516	-83.48765
0.1517	-83.3094
0.1518	-83.13118
0.1519	-82.953
0.152	-82.77487
0.1521	-82.59679
0.1522	-82.41875
0.1523	-82.24077
0.1524	-82.06283
0.1525	-81.88495
0.1526	-81.70713
0.1527	-81.52936
0.1528	-81.35164
0.1529	-81.17399
0.153	-80.99639
0.1531	-80.81886
0.1532	-80.64139
0.1533	-80.46397
0.1534	-80.28662
0.1535	-80.10934
0.1536	-79.93211
0.1537	-79.75495
0.1538	-79.57786
0.1539	-79.40082
0.154	-79.22386
0.1541	-79.04695
0.1542	-78.87011
0.1543	-78.69333
0.1544	-78.51662
0.1545	-78.33997
0.1546	-78.16338
0.1547	-77.98685
0.1548	-77.81038
0.1549	-77.63397
0.155	-77.45763
0.1551	-77.28133
0.1552	-77.1051
0.1553	-76.92892
0.1554	-76.75279
0.1555	-76.57672
0.1556	-76.40069
0.1557	-76.22472
0.1558	-76.04879
0.1559	-75.87291
0.156	-75.69708
0.1561	-75.52128
0.1562	-75.34552
0.1563	-75.16981
0.1564	-74.99412
0.1565	-74.81847
0.1566	-74.64285
0.1567	-74.46726
0.1568	-74.2917
0.1569	-74.11616
0.157	-73.94064
0.1571	-73.76513
0.1572	-73.58965
0.1573	-73.41417
0.1574	-73.2387
0.1575	-73.06325
0.1576	-72.88779
0.1577	-72.71234
0.1578	-72.53688
0.1579	-72.36142
0.158	-72.18595
0.1581	-72.01046
0.1582	-71.83497
0.1583	-71.65945
0.1584	-71.48391
0.1585	-71.30835
0.1586	-71.13277
0.1587	-70.95715
0.1588	-70.78149
0.1589	-70.6058
0.159	-70.43007
0.1591	-70.2543
0.1592	-70.07847
0.1593	-69.9026
0.1594	-69.72667
0.1595	-69.55069
0.1596	-69.37465
0.1597	-69.19854
0.1598	-69.02236
0.1599	-68.84612
0.16	-68.6698
0.1601	-68.49341
0.1602	-68.31694
0.1603	-68.14038
0.1604	-67.96375
0.1605	-67.78702
0.1606	-67.6102
0.1607	-67.43329
0.1608	-67.25628
0.1609	-67.07917
0.161	-66.90196
0.1611	-66.72465
0.1612	-66.54723
0.1613	-66.3697
0.1614	-66.19206
0.1615	-66.0143
0.1616	-65.83643
0.1617	-65.65844
0.1618	-65.48032
0.1619	-65.30209
0.162	-65.12373
0.1621	-64.94525
0.1622	-64.76663
0.1623	-64.58789
0.1624	-64.40902
0.1625	-64.23001
0.1626	-64.05087
0.1627	-63.8716
0.1628	-63.69219
0.1629	-63.51264
0.163	-63.33295
0.1631	-63.15313
0.1632	-62.97317
0.1633	-62.79306
0.1634	-62.61282
0.1635	-62.43243
0.1636	-62.25191
0.1637	-62.07124
0.1638	-61.89043
0.1639	-61.70948
0.164	-61.52839
0.1641	-61.34716
0.1642	-61.1658
0.1643	-60.98429
0.1644	-60.80264
0.1645	-60.62085
0.1646	-60.43893
0.1647	-60.25688
0.1648	-60.07468
0.1649	-59.89236
0.165	-59.7099
0.1651	-59.52732
0.1652	-59.3446
0.1653	-59.16176
0.1654	-58.97879
0.1655	-58.7957
0.1656	-58.61249
0.1657	-58.42916
0.1658	-58.24572
0.1659	-58.06216
0.166	-57.87849
0.1661	-57.69471
0.1662	-57.51082
0.1663	-57.32683
0.1664	-57.14274
0.1665	-56.95855
0.1666	-56.77427
0.1667	-56.5899
0.1668	-56.40543
0.1669	-56.22088
0.167	-56.03625
0.1671	-55.85155
0.1672	-55.66676
0.1673	-55.48191
0.1674	-55.29698
0.1675	-55.112
0.1676	-54.92695
0.1677	-54.74184
0.1678	-54.55669
0.1679	-54.37148
0.168	-54.18622
0.1681	-54.00093
0.1682	-53.81559
0.1683	-53.63023
0.1684	-53.44483
0.1685	-53.25941
0.1686	-53.07396
0.1687	-52.8885
0.1688	-52.70302
0.1689	-52.51753
0.169	-52.33203
0.1691	-52.14653
0.1692	-51.96103
0.1693	-51.77554
0.1694	-51.59006
0.1695	-51.40458
0.1696	-51.21913
0.1697	-51.03369
0.1698	-50.84828
0.1699	-50.6629
0.17	-50.47754
0.1701	-50.29222
0.1702	-50.10694
0.1703	-49.9217
0.1704	-49.73651
0.1705	-49.55136
0.1706	-49.36626
0.1707	-49.18122
0.1708	-48.99623
0.1709	-48.81131
0.171	-48.62644
0.1711	-48.44164
0.1712	-48.25691
0.1713	-48.07225
0.1714	-47.88767
0.1715	-47.70316
0.1716	-47.51872
0.1717	-47.33437
0.1718	-47.1501
0.1719	-46.96591
0.172	-46.7818
0.1721	-46.59778
0.1722	-46.41386
0.1723	-46.23002
0.1724	-46.04627
0.1725	-45.86261
0.1726	-45.67905
0.1727	-45.49558
0.1728	-45.31221
0.1729	-45.12893
0.173	-44.94574
0.1731	-44.76266
0.1732	-44.57967
0.1733	-44.39677
0.1734	-44.21398
0.1735	-44.03127
0.1736	-43.84867
0.1737	-43.66616
0.1738	-43.48374
0.1739	-43.30142
0.174	-43.11919
0.1741	-42.93706
0.1742	-42.75501
0.1743	-42.57306
0.1744	-42.39119
0.1745	-42.20941
0.1746	-42.02771
0.1747	-41.8461
0.1748	-41.66457
0.1749	-41.48312
0.175	-41.30175
0.1751	-41.12045
0.1752	-40.93922
0.1753	-40.75807
0.1754	-40.57698
0.1755	-40.39595
0.1756	-40.21499
0.1757	-40.03409
0.1758	-39.85324
0.1759	-39.67245
0.176	-39.4917
0.1761	-39.311
0.1762	-39.13034
0.1763	-38.94973
0.1764	-38.76914
0.1765	-38.58859
0.1766	-38.40807
0.1767	-38.22757
0.1768	-38.04709
0.1769	-37.86663
0.177	-37.68618
0.1771	-37.50574
0.1772	-37.3253
0.1773	-37.14486
0.1774	-36.96441
0.1775	-36.78396
0.1776	-36.60349
0.1777	-36.42301
0.1778	-36.2425
0.1779	-36.06196
0.178	-35.8814
0.1781	-35.70079
0.1782	-35.52015
0.1783	-35.33946
0.1784	-35.15873
0.1785	-34.97793
0.1786	-34.79708
0.1787	-34.61617
0.1788	-34.43518
0.1789	-34.25413
0.179	-34.073
0.1791	-33.89178
0.1792	-33.71048
0.1793	-33.52909
0.1794	-33.3476
0.1795	-33.16602
0.1796	-32.98433
0.1797	-32.80253
0.1798	-32.62062
0.1799	-32.4386
0.18	-32.25645
0.1801	-32.07418
0.1802	-31.89177
0.1803	-31.70924
0.1804	-31.52657
0.1805	-31.34376
0.1806	-31.1608
0.1807	-30.9777
0.1808	-30.79445
0.1809	-30.61104
0.181	-30.42747
0.1811	-30.24375
0.1812	-30.05986
0.1813	-29.8758
0.1814	-29.69157
0.1815	-29.50717
0.1816	-29.32259
0.1817	-29.13783
0.1818	-28.9529
0.1819	-28.76778
0.182	-28.58248
0.1821	-28.39699
0.1822	-28.21131
0.1823	-28.02544
0.1824	-27.83938
0.1825	-27.65313
0.1826	-27.46668
0.1827	-27.28003
0.1828	-27.09319
0.1829	-26.90615
0.183	-26.71892
0.1831	-26.53148
0.1832	-26.34385
0.1833	-26.15602
0.1834	-25.96798
0.1835	-25.77975
0.1836	-25.59132
0.1837	-25.40269
0.1838	-25.21387
0.1839	-25.02484
0.184	-24.83562
0.1841	-24.64621
0.1842	-24.4566
0.1843	-24.2668
0.1844	-24.0768
0.1845	-23.88662
0.1846	-23.69626
0.1847	-23.5057
0.1848	-23.31497
0.1849	-23.12405
0.185	-22.93295
0.1851	-22.74168
0.1852	-22.55024
0.1853	-22.35862
0.1854	-22.16684
0.1855	-21.9749
0.1856	-21.7828
0.1857	-21.59053
0.1858	-21.39812
0.1859	-21.20556
0.186	-21.01285
0.1861	-20.82
0.1862	-20.62701
0.1863	-20.43388
0.1864	-20.24063
0.1865	-20.04726
0.1866	-19.85376
0.1867	-19.66015
0.1868	-19.46642
0.1869	-19.27259
0.187	-19.07866
0.1871	-18.88463
0.1872	-18.69051
0.1873	-18.49631
0.1874	-18.30202
0.1875	-18.10765
0.1876	-17.91322
0.1877	-17.71871
0.1878	-17.52415
0.1879	-17.32953
0.188	-17.13486
0.1881	-16.94014
0.1882	-16.74539
0.1883	-16.5506
0.1884	-16.35578
0.1885	-16.16093
0.1886	-15.96607
0.1887	-15.77119
0.1888	-15.57631
0.1889	-15.38142
0.189	-15.18654
0.1891	-14.99166
0.1892	-14.79679
0.1893	-14.60194
0.1894	-14.40711
0.1895	-14.21231
0.1896	-14.01754
0.1897	-13.82281
0.1898	-13.62811
0.1899	-13.43347
0.19	-13.23887
0.1901	-13.04433
0.1902	-12.84984
0.1903	-12.65542
0.1904	-12.46106
0.1905	-12.26678
0.1906	-12.07257
0.1907	-11.87844
0.1908	-11.68439
0.1909	-11.49042
0.191	-11.29654
0.1911	-11.10276
0.1912	-10.90907
0.1913	-10.71547
0.1914	-10.52198
0.1915	-10.32858
0.1916	-10.13529
0.1917	-9.94211
0.1918	-9.74904
0.1919	-9.55608
0.192	-9.36323
0.1921	-9.1705
0.1922	-8.97788
0.1923	-8.78537
0.1924	-8.59299
0.1925	-8.40072
0.1926	-8.20857
0.1927	-8.01654
0.1928	-7.82464
0.1929	-7.63285
0.193	-7.44118
0.1931	-7.24964
0.1932	-7.05821
0.1933	-6.8669
0.1934	-6.67571
0.1935	-6.48464
0.1936	-6.29369
0.1937	-6.10285
0.1938	-5.91212
0.1939	-5.72151
0.194	-5.53101
0.1941	-5.34061
0.1942	-5.15033
0.1943	-4.96015
0.1944	-4.77007
0.1945	-4.58009
0.1946	-4.39021
0.1947	-4.20042
0.1948	-4.01073
0.1949	-3.82112
0.195	-3.6316
0.1951	-3.44216
0.1952	-3.2528
0.1953	-3.06351
0.1954	-2.87429
0.1955	-2.68514
0.1956	-2.49606
0.1957	-2.30703
0.1958	-2.11806
0.1959	-1.92914
0.196	-1.74026
0.1961	-1.55142
0.1962	-1.36263
0.1963	-1.17386
0.1964	-0.98512
0.1965	-0.7964
0.1966	-0.6077
0.1967	-0.41901
0.1968	-0.23033
0.1969	-0.04165
0.197	0.14703
0.1971	0.33573
0.1972	0.52444
0.1973	0.71316
0.1974	0.90192
0.1975	1.0907
0.1976	1.27952
0.1977	1.46838
0.1978	1.65729
0.1979	1.84626
0.198	2.03528
0.1981	2.22436
0.1982	2.41352
0.1983	2.60275
0.1984	2.79207
0.1985	2.98147
0.1986	3.17096
0.1987	3.36056
0.1988	3.55025
0.1989	3.74006
0.199	3.92998
0.1991	4.12002
0.1992	4.31019
0.1993	4.50048
0.1994	4.69092
0.1995	4.8815
0.1996	5.07222
0.1997	5.26309
0.1998	5.45413
0.1999	5.64532
0.2	5.83668
0.2001	6.02822
0.2002	6.21993
0.2003	6.41182
0.2004	6.6039
0.2005	6.79616
0.2006	6.98863
0.2007	7.18129
0.2008	7.37415
0.2009	7.56722
0.201	7.7605
0.2011	7.954
0.2012	8.14771
0.2013	8.34165
0.2014	8.53581
0.2015	8.7302
0.2016	8.92482
0.2017	9.11967
0.2018	9.31476
0.2019	9.51009
0.202	9.70567
0.2021	9.90148
0.2022	10.09755
0.2023	10.29386
0.2024	10.49042
0.2025	10.68724
0.2026	10.88431
0.2027	11.08163
0.2028	11.27921
0.2029	11.47705
0.203	11.67515
0.2031	11.87351
0.2032	12.07213
0.2033	12.271
0.2034	12.47014
0.2035	12.66954
0.2036	12.8692
0.2037	13.06912
0.2038	13.2693
0.2039	13.46974
0.204	13.67044
0.2041	13.87139
0.2042	14.0726
0.2043	14.27407
0.2044	14.4758
0.2045	14.67777
0.2046	14.88
0.2047	15.08248
0.2048	15.2852
0.2049	15.48817
0.205	15.69138
0.2051	15.89484
0.2052	16.09853
0.2053	16.30246
0.2054	16.50662
0.2055	16.71101
0.2056	16.91563
0.2057	17.12047
0.2058	17.32554
0.2059	17.53082
0.206	17.73631
0.2061	17.94202
0.2062	18.14793
0.2063	18.35405
0.2064	18.56037
0.2065	18.76688
0.2066	18.97358
0.2067	19.18047
0.2068	19.38755
0.2069	19.59481
0.207	19.80224
0.2071	20.00984
0.2072	20.21761
0.2073	20.42554
0.2074	20.63363
0.2075	20.84188
0.2076	21.05027
0.2077	21.25882
0.2078	21.4675
0.2079	21.67632
0.208	21.88527
0.2081	22.09435
0.2082	22.30356
0.2083	22.51288
0.2084	22.72232
0.2085	22.93187
0.2086	23.14153
0.2087	23.35129
0.2088	23.56116
0.2089	23.77111
0.209	23.98116
0.2091	24.1913
0.2092	24.40151
0.2093	24.61181
0.2094	24.82219
0.2095	25.03264
0.2096	25.24316
0.2097	25.45374
0.2098	25.66439
0.2099	25.87509
0.21	26.08586
0.2101	26.29668
0.2102	26.50755
0.2103	26.71847
0.2104	26.92943
0.2105	27.14044
0.2106	27.35149
0.2107	27.56259
0.2108	27.77372
0.2109	27.98488
0.211	28.19609
0.2111	28.40732
0.2112	28.61859
0.2113	28.82989
0.2114	29.04122
0.2115	29.25258
0.2116	29.46396
0.2117	29.67538
0.2118	29.88682
0.2119	30.09829
0.212	30.30979
0.2121	30.52132
0.2122	30.73288
0.2123	30.94447
0.2124	31.15608
0.2125	31.36773
0.2126	31.57941
0.2127	31.79113
0.2128	32.00287
0.2129	32.21466
0.213	32.42648
0.2131	32.63835
0.2132	32.85025
0.2133	33.0622
0.2134	33.2742
0.2135	33.48625
0.2136	33.69835
0.2137	33.91051
0.2138	34.12272
0.2139	34.335
0.214	34.54734
0.2141	34.75975
0.2142	34.97223
0.2143	35.18479
0.2144	35.39743
0.2145	35.61016
0.2146	35.82297
0.2147	36.03587
0.2148	36.24888
0.2149	36.46198
0.215	36.6752
0.2151	36.88852
0.2152	37.10196
0.2153	37.31553
0.2154	37.52922
0.2155	37.74304
0.2156	37.957
0.2157	38.17111
0.2158	38.38536
0.2159	38.59977
0.216	38.81434
0.2161	39.02908
0.2162	39.24399
0.2163	39.45908
0.2164	39.67435
0.2165	39.88981
0.2166	40.10547
0.2167	40.32133
0.2168	40.5374
0.2169	40.75368
0.217	40.97019
0.2171	41.18693
0.2172	41.4039
0.2173	41.62111
0.2174	41.83857
0.2175	42.05628
0.2176	42.27425
0.2177	42.49249
0.2178	42.711
0.2179	42.92979
0.218	43.14886
0.2181	43.36823
0.2182	43.5879
0.2183	43.80787
0.2184	44.02815
0.2185	44.24875
0.2186	44.46967
0.2187	44.69092
0.2188	44.91251
0.2189	45.13444
0.219	45.35672
0.2191	45.57935
0.2192	45.80234
0.2193	46.02569
0.2194	46.24942
0.2195	46.47352
0.2196	46.69801
0.2197	46.92288
0.2198	47.14814
0.2199	47.37381
0.22	47.59987
0.2201	47.82635
0.2202	48.05323
0.2203	48.28054
0.2204	48.50826
0.2205	48.73642
0.2206	48.965
0.2207	49.19402
0.2208	49.42348
0.2209	49.65338
0.221	49.88373
0.2211	50.11453
0.2212	50.34578
0.2213	50.57749
0.2214	50.80967
0.2215	51.0423
0.2216	51.2754
0.2217	51.50897
0.2218	51.74302
0.2219	51.97754
0.222	52.21253
0.2221	52.448
0.2222	52.68395
0.2223	52.92039
0.2224	53.1573
0.2225	53.3947
0.2226	53.63259
0.2227	53.87096
0.2228	54.10982
0.2229	54.34917
0.223	54.589
0.2231	54.82933
0.2232	55.07014
0.2233	55.31144
0.2234	55.55322
0.2235	55.79549
0.2236	56.03825
0.2237	56.28149
0.2238	56.52521
0.2239	56.76941
0.224	57.0141
0.2241	57.25926
0.2242	57.5049
0.2243	57.75101
0.2244	57.99759
0.2245	58.24465
0.2246	58.49216
0.2247	58.74014
0.2248	58.98858
0.2249	59.23747
0.225	59.48682
0.2251	59.73661
0.2252	59.98685
0.2253	60.23753
0.2254	60.48865
0.2255	60.74019
0.2256	60.99216
0.2257	61.24456
0.2258	61.49737
0.2259	61.75059
0.226	62.00421
0.2261	62.25824
0.2262	62.51266
0.2263	62.76747
0.2264	63.02266
0.2265	63.27823
0.2266	63.53417
0.2267	63.79047
0.2268	64.04712
0.2269	64.30413
0.227	64.56148
0.2271	64.81917
0.2272	65.07718
0.2273	65.33551
0.2274	65.59416
0.2275	65.85312
0.2276	66.11237
0.2277	66.37191
0.2278	66.63174
0.2279	66.89184
0.228	67.15221
0.2281	67.41283
0.2282	67.67371
0.2283	67.93483
0.2284	68.19618
0.2285	68.45775
0.2286	68.71954
0.2287	68.98154
0.2288	69.24374
0.2289	69.50613
0.229	69.7687
0.2291	70.03144
0.2292	70.29435
0.2293	70.55741
0.2294	70.82062
0.2295	71.08396
0.2296	71.34743
0.2297	71.61102
0.2298	71.87472
0.2299	72.13852
0.23	72.40241
0.2301	72.66638
0.2302	72.93043
0.2303	73.19454
0.2304	73.45871
0.2305	73.72292
0.2306	73.98717
0.2307	74.25144
0.2308	74.51574
0.2309	74.78005
0.231	75.04435
0.2311	75.30865
0.2312	75.57294
0.2313	75.83719
0.2314	76.10142
0.2315	76.3656
0.2316	76.62973
0.2317	76.8938
0.2318	77.1578
0.2319	77.42173
0.232	77.68557
0.2321	77.94932
0.2322	78.21297
0.2323	78.4765
0.2324	78.73992
0.2325	79.00322
0.2326	79.26638
0.2327	79.5294
0.2328	79.79228
0.2329	80.055
0.233	80.31755
0.2331	80.57994
0.2332	80.84215
0.2333	81.10417
0.2334	81.366
0.2335	81.62764
0.2336	81.88907
0.2337	82.15029
0.2338	82.41129
0.2339	82.67207
0.234	82.93262
0.2341	83.19293
0.2342	83.453
0.2343	83.71283
0.2344	83.9724
0.2345	84.23171
0.2346	84.49076
0.2347	84.74955
0.2348	85.00805
0.2349	85.26629
0.235	85.52423
0.2351	85.78189
0.2352	86.03926
0.2353	86.29634
0.2354	86.55311
0.2355	86.80959
0.2356	87.06575
0.2357	87.3216
0.2358	87.57714
0.2359	87.83237
0.236	88.08727
0.2361	88.34185
0.2362	88.59611
0.2363	88.85004
0.2364	89.10363
0.2365	89.3569
0.2366	89.60983
0.2367	89.86242
0.2368	90.11468
0.2369	90.3666
0.237	90.61818
0.2371	90.86941
0.2372	91.1203
0.2373	91.37085
0.2374	91.62106
0.2375	91.87092
0.2376	92.12043
0.2377	92.3696
0.2378	92.61843
0.2379	92.86691
0.238	93.11505
0.2381	93.36284
0.2382	93.61029
0.2383	93.85739
0.2384	94.10416
0.2385	94.35058
0.2386	94.59666
0.2387	94.84241
0.2388	95.08782
0.2389	95.3329
0.239	95.57764
0.2391	95.82205
0.2392	96.06613
0.2393	96.30989
0.2394	96.55332
0.2395	96.79643
0.2396	97.03923
0.2397	97.2817
0.2398	97.52387
0.2399	97.76572
0.24	98.00727
0.2401	98.24851
0.2402	98.48946
0.2403	98.7301
0.2404	98.97046
0.2405	99.21052
0.2406	99.4503
0.2407	99.6898
0.2408	99.92902
0.2409	100.16797
0.241	100.40665
0.2411	100.64506
0.2412	100.88322
0.2413	101.12112
0.2414	101.35877
0.2415	101.59617
0.2416	101.83333
0.2417	102.07025
0.2418	102.30695
0.2419	102.54341
0.242	102.77966
0.2421	103.01568
0.2422	103.2515
0.2423	103.48711
0.2424	103.72252
0.2425	103.95773
0.2426	104.19275
0.2427	104.42759
0.2428	104.66225
0.2429	104.89673
0.243	105.13105
0.2431	105.3652
0.2432	105.5992
0.2433	105.83304
0.2434	106.06674
0.2435	106.3003
0.2436	106.53372
0.2437	106.76701
0.2438	107.00018
0.2439	107.23323
0.244	107.46617
0.2441	107.699
0.2442	107.93173
0.2443	108.16437
0.2444	108.39691
0.2445	108.62938
0.2446	108.86176
0.2447	109.09407
0.2448	109.32632
0.2449	109.5585
0.245	109.79062
0.2451	110.0227
0.2452	110.25473
0.2453	110.48672
0.2454	110.71868
0.2455	110.9506
0.2456	111.18251
0.2457	111.4144
0.2458	111.64627
0.2459	111.87813
0.246	112.11
0.2461	112.34186
0.2462	112.57373
0.2463	112.80562
0.2464	113.03752
0.2465	113.26945
0.2466	113.5014
0.2467	113.73339
0.2468	113.96541
0.2469	114.19747
0.247	114.42958
0.2471	114.66174
0.2472	114.89396
0.2473	115.12623
0.2474	115.35857
0.2475	115.59097
0.2476	115.82345
0.2477	116.05601
0.2478	116.28864
0.2479	116.52136
0.248	116.75417
0.2481	116.98707
0.2482	117.22006
0.2483	117.45316
0.2484	117.68636
0.2485	117.91966
0.2486	118.15307
0.2487	118.3866
0.2488	118.62025
0.2489	118.85401
0.249	119.0879
0.2491	119.32191
0.2492	119.55605
0.2493	119.79033
0.2494	120.02474
0.2495	120.25928
0.2496	120.49397
0.2497	120.7288
0.2498	120.96378
0.2499	121.1989
0.25	121.43418
0.2501	121.6696
0.2502	121.90519
0.2503	122.14093
0.2504	122.37682
0.2505	122.61289
0.2506	122.84911
0.2507	123.0855
0.2508	123.32206
0.2509	123.55879
0.251	123.79569
0.2511	124.03276
0.2512	124.27
0.2513	124.50743
0.2514	124.74503
0.2515	124.98281
0.2516	125.22077
0.2517	125.45892
0.2518	125.69725
0.2519	125.93576
0.252	126.17446
0.2521	126.41335
0.2522	126.65243
0.2523	126.89171
0.2524	127.13117
0.2525	127.37083
0.2526	127.61068
0.2527	127.85072
0.2528	128.09097
0.2529	128.33141
0.253	128.57206
0.2531	128.8129
0.2532	129.05394
0.2533	129.29519
0.2534	129.53665
0.2535	129.7783
0.2536	130.02017
0.2537	130.26224
0.2538	130.50452
0.2539	130.74701
0.254	130.98972
0.2541	131.23263
0.2542	131.47576
0.2543	131.71911
0.2544	131.96267
0.2545	132.20645
0.2546	132.45044
0.2547	132.69466
0.2548	132.9391
0.2549	133.18376
0.255	133.42865
0.2551	133.67377
0.2552	133.91911
0.2553	134.16468
0.2554	134.41048
0.2555	134.65652
0.2556	134.90279
0.2557	135.1493
0.2558	135.39604
0.2559	135.64303
0.256	135.89025
0.2561	136.13773
0.2562	136.38545
0.2563	136.63341
0.2564	136.88163
0.2565	137.1301
0.2566	137.37883
0.2567	137.62781
0.2568	137.87706
0.2569	138.12656
0.257	138.37634
0.2571	138.62638
0.2572	138.87669
0.2573	139.12727
0.2574	139.37814
0.2575	139.62928
0.2576	139.8807
0.2577	140.13241
0.2578	140.38441
0.2579	140.6367
0.258	140.88929
0.2581	141.14218
0.2582	141.39537
0.2583	141.64886
0.2584	141.90267
0.2585	142.15679
0.2586	142.41123
0.2587	142.66599
0.2588	142.92107
0.2589	143.17649
0.259	143.43223
0.2591	143.68832
0.2592	143.94475
0.2593	144.20152
0.2594	144.45865
0.2595	144.71613
0.2596	144.97397
0.2597	145.23218
0.2598	145.49076
0.2599	145.74971
0.26	146.00903
0.2601	146.26875
0.2602	146.52885
0.2603	146.78935
0.2604	147.05024
0.2605	147.31154
0.2606	147.57325
0.2607	147.83538
0.2608	148.09793
0.2609	148.3609
0.261	148.6243
0.2611	148.88814
0.2612	149.15242
0.2613	149.41715
0.2614	149.68234
0.2615	149.94798
0.2616	150.21409
0.2617	150.48067
0.2618	150.74772
0.2619	151.01526
0.262	151.28329
0.2621	151.55182
0.2622	151.82084
0.2623	152.09037
0.2624	152.36041
0.2625	152.63098
0.2626	152.90206
0.2627	153.17368
0.2628	153.44584
0.2629	153.71854
0.263	153.99179
0.2631	154.2656
0.2632	154.53996
0.2633	154.8149
0.2634	155.09041
0.2635	155.3665
0.2636	155.64318
0.2637	155.92046
0.2638	156.19833
0.2639	156.47681
0.264	156.7559
0.2641	157.03561
0.2642	157.31595
0.2643	157.59691
0.2644	157.87852
0.2645	158.16076
0.2646	158.44366
0.2647	158.72721
0.2648	159.01143
0.2649	159.29631
0.265	159.58187
0.2651	159.86811
0.2652	160.15503
0.2653	160.44265
0.2654	160.73097
0.2655	161.01999
0.2656	161.30972
0.2657	161.60017
0.2658	161.89134
0.2659	162.18323
0.266	162.47587
0.2661	162.76924
0.2662	163.06335
0.2663	163.35822
0.2664	163.65384
0.2665	163.95023
0.2666	164.24738
0.2667	164.5453
0.2668	164.84401
0.2669	165.14349
0.267	165.44377
0.2671	165.74483
0.2672	166.0467
0.2673	166.34937
0.2674	166.65285
0.2675	166.95714
0.2676	167.26226
0.2677	167.56819
0.2678	167.87495
0.2679	168.18255
0.268	168.49098
0.2681	168.80025
0.2682	169.11037
0.2683	169.42134
0.2684	169.73317
0.2685	170.04585
0.2686	170.3594
0.2687	170.67381
0.2688	170.98909
0.2689	171.30525
0.269	171.62229
0.2691	171.9402
0.2692	172.25901
0.2693	172.5787
0.2694	172.89928
0.2695	173.22076
0.2696	173.54314
0.2697	173.86642
0.2698	174.1906
0.2699	174.51569
0.27	174.84169
0.2701	175.16861
0.2702	175.49644
0.2703	175.82519
0.2704	176.15486
0.2705	176.48545
0.2706	176.81697
0.2707	177.14942
0.2708	177.4828
0.2709	177.81711
0.271	178.15235
0.2711	178.48853
0.2712	178.82564
0.2713	179.1637
0.2714	179.50269
0.2715	179.84262
0.2716	180.1835
0.2717	180.52532
0.2718	180.86809
0.2719	181.2118
0.272	181.55646
0.2721	181.90207
0.2722	182.24862
0.2723	182.59612
0.2724	182.94458
0.2725	183.29398
0.2726	183.64433
0.2727	183.99563
0.2728	184.34788
0.2729	184.70108
0.273	185.05523
0.2731	185.41033
0.2732	185.76637
0.2733	186.12337
0.2734	186.48131
0.2735	186.8402
0.2736	187.20003
0.2737	187.56081
0.2738	187.92253
0.2739	188.28519
0.274	188.6488
0.2741	189.01334
0.2742	189.37882
0.2743	189.74524
0.2744	190.11259
0.2745	190.48087
0.2746	190.85008
0.2747	191.22022
0.2748	191.59128
0.2749	191.96327
0.275	192.33617
0.2751	192.70999
0.2752	193.08473
0.2753	193.46037
0.2754	193.83693
0.2755	194.21438
0.2756	194.59274
0.2757	194.972
0.2758	195.35214
0.2759	195.73318
0.276	196.1151
0.2761	196.4979
0.2762	196.88158
0.2763	197.26613
0.2764	197.65154
0.2765	198.03782
0.2766	198.42495
0.2767	198.81294
0.2768	199.20177
0.2769	199.59144
0.277	199.98194
0.2771	200.37327
0.2772	200.76542
0.2773	201.15839
0.2774	201.55217
0.2775	201.94675
0.2776	202.34213
0.2777	202.73829
0.2778	203.13524
0.2779	203.53295
0.278	203.93144
0.2781	204.33068
0.2782	204.73067
0.2783	205.1314
0.2784	205.53286
0.2785	205.93504
0.2786	206.33794
0.2787	206.74155
0.2788	207.14585
0.2789	207.55083
0.279	207.95649
0.2791	208.36282
0.2792	208.7698
0.2793	209.17742
0.2794	209.58568
0.2795	209.99456
0.2796	210.40405
0.2797	210.81414
0.2798	211.22482
0.2799	211.63607
0.28	212.04788
0.2801	212.46024
0.2802	212.87314
0.2803	213.28656
0.2804	213.70049
0.2805	214.11491
0.2806	214.52982
0.2807	214.94519
0.2808	215.36101
0.2809	215.77728
0.281	216.19396
0.2811	216.61105
0.2812	217.02852
0.2813	217.44638
0.2814	217.86459
0.2815	218.28314
0.2816	218.70201
0.2817	219.12119
0.2818	219.54066
0.2819	219.9604
0.282	220.38039
0.2821	220.80061
0.2822	221.22105
0.2823	221.64168
0.2824	222.06249
0.2825	222.48346
0.2826	222.90456
0.2827	223.32578
0.2828	223.74709
0.2829	224.16848
0.283	224.58992
0.2831	225.01138
0.2832	225.43286
0.2833	225.85432
0.2834	226.27575
0.2835	226.69712
0.2836	227.1184
0.2837	227.53958
0.2838	227.96063
0.2839	228.38152
0.284	228.80223
0.2841	229.22274
0.2842	229.64303
0.2843	230.06305
0.2844	230.4828
0.2845	230.90225
0.2846	231.32136
0.2847	231.74011
0.2848	232.15847
0.2849	232.57643
0.285	232.99394
0.2851	233.41099
0.2852	233.82754
0.2853	234.24357
0.2854	234.65904
0.2855	235.07394
0.2856	235.48822
0.2857	235.90187
0.2858	236.31485
0.2859	236.72712
0.286	237.13867
0.2861	237.54947
0.2862	237.95947
0.2863	238.36865
0.2864	238.77698
0.2865	239.18443
0.2866	239.59097
0.2867	239.99656
0.2868	240.40118
0.2869	240.80479
0.287	241.20736
0.2871	241.60886
0.2872	242.00925
0.2873	242.4085
0.2874	242.80659
0.2875	243.20347
0.2876	243.59912
0.2877	243.9935
0.2878	244.38657
0.2879	244.77831
0.288	245.16868
0.2881	245.55765
0.2882	245.94519
0.2883	246.33125
0.2884	246.71581
0.2885	247.09884
0.2886	247.48029
0.2887	247.86014
0.2888	248.23835
0.2889	248.61489
0.289	248.98972
0.2891	249.36281
0.2892	249.73413
0.2893	250.10364
0.2894	250.4713
0.2895	250.83709
0.2896	251.20097
0.2897	251.56291
0.2898	251.92287
0.2899	252.28082
0.29	252.63673
0.2901	252.99056
0.2902	253.34228
0.2903	253.69185
0.2904	254.03925
0.2905	254.38444
0.2906	254.72739
0.2907	255.06807
0.2908	255.40643
0.2909	255.74247
0.291	256.07613
0.2911	256.40739
0.2912	256.73621
0.2913	257.06258
0.2914	257.38645
0.2915	257.7078
0.2916	258.02659
0.2917	258.34279
0.2918	258.65639
0.2919	258.96734
0.292	259.27562
0.2921	259.5812
0.2922	259.88405
0.2923	260.18414
0.2924	260.48145
0.2925	260.77596
0.2926	261.06762
0.2927	261.35643
0.2928	261.64234
0.2929	261.92535
0.293	262.20542
0.2931	262.48253
0.2932	262.75665
0.2933	263.02777
0.2934	263.29586
0.2935	263.56089
0.2936	263.82286
0.2937	264.08173
0.2938	264.33749
0.2939	264.59012
0.294	264.8396
0.2941	265.08591
0.2942	265.32903
0.2943	265.56895
0.2944	265.80565
0.2945	266.03912
0.2946	266.26934
0.2947	266.49629
0.2948	266.71997
0.2949	266.94036
0.295	267.15745
0.2951	267.37123
0.2952	267.58169
0.2953	267.78882
0.2954	267.99261
0.2955	268.19305
0.2956	268.39013
0.2957	268.58386
0.2958	268.77423
0.2959	268.96122
0.296	269.14484
0.2961	269.32509
0.2962	269.50196
0.2963	269.67545
0.2964	269.84556
0.2965	270.0123
0.2966	270.17567
0.2967	270.33566
0.2968	270.49228
0.2969	270.64555
0.297	270.79545
0.2971	270.94201
0.2972	271.08522
0.2973	271.2251
0.2974	271.36166
0.2975	271.4949
0.2976	271.62485
0.2977	271.7515
0.2978	271.87488
0.2979	271.995
0.298	272.11187
0.2981	272.22551
0.2982	272.33595
0.2983	272.44319
0.2984	272.54726
0.2985	272.64818
0.2986	272.74597
0.2987	272.84065
0.2988	272.93225
0.2989	273.02079
0.299	273.1063
0.2991	273.1888
0.2992	273.26832
0.2993	273.34489
0.2994	273.41854
0.2995	273.4893
0.2996	273.5572
0.2997	273.62228
0.2998	273.68456
0.2999	273.74408
0.3	273.80088
0.3001	273.85499
0.3002	273.90645
0.3003	273.9553
0.3004	274.00157
0.3005	274.04531
0.3006	274.08655
0.3007	274.12534
0.3008	274.16172
0.3009	274.19573
0.301	274.22741
0.3011	274.25681
0.3012	274.28397
0.3013	274.30894
0.3014	274.33177
0.3015	274.3525
0.3016	274.37118
0.3017	274.38785
0.3018	274.40257
0.3019	274.41539
0.302	274.42635
0.3021	274.4355
0.3022	274.4429
0.3023	274.4486
0.3024	274.45264
0.3025	274.45508
0.3026	274.45598
0.3027	274.45537
0.3028	274.45333
0.3029	274.44989
0.303	274.44512
0.3031	274.43906
0.3032	274.43177
0.3033	274.4233
0.3034	274.41371
0.3035	274.40305
0.3036	274.39138
0.3037	274.37874
0.3038	274.36519
0.3039	274.35079
0.304	274.33558
0.3041	274.31963
0.3042	274.30298
0.3043	274.28569
0.3044	274.2678
0.3045	274.24937
0.3046	274.23046
0.3047	274.21111
0.3048	274.19138
0.3049	274.17131
0.305	274.15095
0.3051	274.13036
